[
    {
        "class": "sourmash_signature", 
        "email": "", 
        "filename": "mircea.fa", 
        "hash_function": "0.murmur64", 
        "name": "Thermotoga_petrophila_RKU-1", 
        "signatures": [
            {
                "ksize": 11, 
                "max_hash": 1844674407370955, 
                "md5sum": "328f7b0643bdb6c76135292b5afc8fa7", 
                "mins": [
                    2141913447991, 
                    13278013946580, 
                    27140764166944, 
                    41707916092414, 
                    82478039574583, 
                    118769159133495, 
                    154215710167726, 
                    208843047538689, 
                    257344855470144, 
                    267846729882984, 
                    275606906626713, 
                    279787234301807, 
                    292033768615487, 
                    298438179767717, 
                    318440986094103, 
                    322811949528170, 
                    335817896936338, 
                    385922732660473, 
                    429303790305096, 
                    434475890040030, 
                    440214686843501, 
                    452752432315891, 
                    470597941005532, 
                    493465029336882, 
                    521927214335777, 
                    565942116987121, 
                    574955649586438, 
                    609150505654646, 
                    637569388694203, 
                    641182104888373, 
                    646247713759145, 
                    663546019675065, 
                    731323193346111, 
                    769122584890664, 
                    813450110743372, 
                    819102058344014, 
                    879217865607619, 
                    911473176584544, 
                    916472282962943, 
                    984672167871979, 
                    990342590941608, 
                    1002335249403298, 
                    1006645628483496, 
                    1023510244667959, 
                    1028607343593521, 
                    1029525365715881, 
                    1043779436824218, 
                    1045434440540190, 
                    1065077651034175, 
                    1067368372713442, 
                    1102511747964038, 
                    1110141537911137, 
                    1138326257370846, 
                    1161614975350468, 
                    1172207609747489, 
                    1191202244117753, 
                    1249217290788947, 
                    1266030871414946, 
                    1280162445265137, 
                    1285260578565849, 
                    1294134842260029, 
                    1346297848476256, 
                    1346596467187313, 
                    1353678864456292, 
                    1383064016716897, 
                    1407269662535280, 
                    1443256183442658, 
                    1446143725534939, 
                    1447511578426195, 
                    1466357688631717, 
                    1477221743119374, 
                    1536701565691750, 
                    1571014822880411, 
                    1591462635568523, 
                    1593328872665632, 
                    1711421095877222, 
                    1716598763466687, 
                    1722118223562342, 
                    1749021554490534, 
                    1775128103679040, 
                    1834359494760914, 
                    1836612751209725
                ], 
                "molecule": "dna", 
                "num": 0, 
                "seed": 42
            }
        ], 
        "type": "mrnaseq", 
        "version": 0.4
    }, 
    {
        "class": "sourmash_signature", 
        "email": "", 
        "filename": "mircea.fa", 
        "hash_function": "0.murmur64", 
        "name": "Bacteroides_thetaiotaomicron_VPI-5482", 
        "signatures": [
            {
                "ksize": 11, 
                "max_hash": 1844674407370955, 
                "md5sum": "0e2dad1a48d50657edce106998e61cdf", 
                "mins": [
                    13278013946580, 
                    27140764166944, 
                    30309406418793, 
                    41707916092414, 
                    60086018863357, 
                    64272184988278, 
                    74620228862996, 
                    82478039574583, 
                    82811046680350, 
                    94983804449495, 
                    98071000478995, 
                    110520382106423, 
                    116185669613152, 
                    116189449377787, 
                    118769159133495, 
                    138667947252809, 
                    138763937336938, 
                    154215710167726, 
                    159812017497542, 
                    161562224913653, 
                    167629346031628, 
                    205646510026101, 
                    208843047538689, 
                    218840608988379, 
                    229300882543569, 
                    257344855470144, 
                    267846729882984, 
                    275560812680680, 
                    275606906626713, 
                    279787234301807, 
                    292033768615487, 
                    298438179767717, 
                    299004005429546, 
                    299126751378767, 
                    306568522679903, 
                    310017324299489, 
                    318440986094103, 
                    322811949528170, 
                    343360198726731, 
                    357799794908904, 
                    372063555609556, 
                    380965591298721, 
                    385922732660473, 
                    399105166545245, 
                    415421517203749, 
                    422221411852085, 
                    429303790305096, 
                    434475890040030, 
                    440214686843501, 
                    441061933666332, 
                    445018613322914, 
                    449348827984963, 
                    452752432315891, 
                    461170683754037, 
                    471226432516429, 
                    473846607053413, 
                    493465029336882, 
                    521927214335777, 
                    529181331461951, 
                    535882459020546, 
                    565942116987121, 
                    571048157526398, 
                    571990667173520, 
                    574955649586438, 
                    578492452716704, 
                    609150505654646, 
                    627070061370335, 
                    636724351022065, 
                    639173930754487, 
                    639577545291400, 
                    640951715253293, 
                    641182104888373, 
                    646247713759145, 
                    653607476825583, 
                    663546019675065, 
                    666742151680669, 
                    673619165534006, 
                    684739877781573, 
                    685732372936129, 
                    731323193346111, 
                    736694799963468, 
                    796901841823253, 
                    808842204183774, 
                    813450110743372, 
                    821494197317093, 
                    833733718281642, 
                    855579905691411, 
                    856623204703050, 
                    857175182033166, 
                    867847458550767, 
                    879217865607619, 
                    910575063670844, 
                    910885475120487, 
                    911473176584544, 
                    923620576530046, 
                    984672167871979, 
                    990342590941608, 
                    1002335249403298, 
                    1006645628483496, 
                    1018156281319473, 
                    1023510244667959, 
                    1028607343593521, 
                    1029525365715881, 
                    1043779436824218, 
                    1045434440540190, 
                    1046860474109947, 
                    1065077651034175, 
                    1102511747964038, 
                    1110141537911137, 
                    1112376093092059, 
                    1126117392426308, 
                    1138326257370846, 
                    1139779940560840, 
                    1158304215404133, 
                    1161614975350468, 
                    1172207609747489, 
                    1178611761997217, 
                    1191202244117753, 
                    1194474914058062, 
                    1206699662292492, 
                    1233922190508176, 
                    1234685130442242, 
                    1249217290788947, 
                    1258131600605261, 
                    1263112490472986, 
                    1266030871414946, 
                    1280162445265137, 
                    1285260578565849, 
                    1306393488470709, 
                    1346297848476256, 
                    1346596467187313, 
                    1353678864456292, 
                    1354663220929224, 
                    1360772913111735, 
                    1383064016716897, 
                    1402110109552266, 
                    1403415592064813, 
                    1406298066931505, 
                    1407269662535280, 
                    1423641073583992, 
                    1446143725534939, 
                    1466357688631717, 
                    1477221743119374, 
                    1486196683376498, 
                    1501370642194445, 
                    1511624581371967, 
                    1513260533055955, 
                    1536701565691750, 
                    1547830254810933, 
                    1551037659764607, 
                    1571014822880411, 
                    1590343144552031, 
                    1591462635568523, 
                    1593328872665632, 
                    1643116111251218, 
                    1694175083690356, 
                    1711421095877222, 
                    1716598763466687, 
                    1722118223562342, 
                    1749021554490534, 
                    1749137589696908, 
                    1775128103679040, 
                    1820852245426410, 
                    1834359494760914, 
                    1836612751209725
                ], 
                "molecule": "dna", 
                "num": 0, 
                "seed": 42
            }
        ], 
        "type": "mrnaseq", 
        "version": 0.4
    }
]