[
    {
        "class": "sourmash_signature", 
        "email": "", 
        "filename": "mircea.fa", 
        "hash_function": "0.murmur64", 
        "name": "Thermotoga_sp._RQ2", 
        "signatures": [
            {
                "ksize": 301, 
                "max_hash": 1844674407370955, 
                "md5sum": "401d40d766056bb6c84132647d270893", 
                "mins": [
                    20928744929544, 
                    40785568015343, 
                    42003852262021, 
                    49202100929710, 
                    61550508828871, 
                    82147033459738, 
                    82934620891480, 
                    85144265508049, 
                    90005233282191, 
                    100029075757816, 
                    101712665977669, 
                    105160333833037, 
                    116409014560136, 
                    129425942931862, 
                    142171940974106, 
                    158218633946548, 
                    159652634775664, 
                    164346342990822, 
                    179540951126781, 
                    191365963643519, 
                    194229232352224, 
                    197116420308663, 
                    237640568244144, 
                    238753222574056, 
                    256832889199288, 
                    267107738857678, 
                    274247261376125, 
                    282859975275922, 
                    288621198385327, 
                    297120307285742, 
                    305914357935788, 
                    328387531685951, 
                    334970757284942, 
                    349521170954696, 
                    356177233347933, 
                    356939075162776, 
                    362381079932743, 
                    369977278821706, 
                    375994368848935, 
                    385910698646378, 
                    391287942759409, 
                    426920504572250, 
                    442020915709060, 
                    455009142870733, 
                    461559629328357, 
                    462751747897041, 
                    478543172205254, 
                    482459146578940, 
                    485235844058865, 
                    494786527386265, 
                    503764813691561, 
                    527951553811976, 
                    528119049754746, 
                    551784959756944, 
                    554155952418906, 
                    576028441063359, 
                    578528930429097, 
                    579065343373905, 
                    581642684897991, 
                    596789135795482, 
                    599193590040602, 
                    611335764094681, 
                    612051495978089, 
                    612108889983904, 
                    614991885483794, 
                    630299833306500, 
                    645751858024691, 
                    647911257279579, 
                    651055190049813, 
                    683396406129682, 
                    704694610107605, 
                    726774854730597, 
                    744961556798370, 
                    757943698304378, 
                    773532003594798, 
                    776322580111684, 
                    778084229316073, 
                    786294163092085, 
                    809114908746257, 
                    828891319549715, 
                    850332334026390, 
                    867712297955592, 
                    870426017304778, 
                    874348023213928, 
                    879473085098020, 
                    883294257068018, 
                    896072188854638, 
                    902083595633703, 
                    912763740962941, 
                    929821370690624, 
                    942257372690076, 
                    942990188905817, 
                    943588266635600, 
                    943685497841297, 
                    947098473165076, 
                    951043030377663, 
                    960257087809457, 
                    964727205971352, 
                    972008586096986, 
                    980887485608047, 
                    984572257280997, 
                    997278926298239, 
                    1006104890709239, 
                    1020885581576573, 
                    1024286266977151, 
                    1031132207322359, 
                    1055088532620386, 
                    1087480721868709, 
                    1093733451347076, 
                    1110218804529393, 
                    1124734374134777, 
                    1137084899936131, 
                    1140048315147224, 
                    1141607824477321, 
                    1142197554716798, 
                    1160215020100510, 
                    1162650741927569, 
                    1169894661499476, 
                    1181654145512155, 
                    1192373442375371, 
                    1217584252858071, 
                    1230039290625091, 
                    1232574061772862, 
                    1233389084996444, 
                    1235733225931662, 
                    1238125565840600, 
                    1238399852777403, 
                    1244155493502702, 
                    1247303367873563, 
                    1248779716784907, 
                    1250142486889198, 
                    1250702737109783, 
                    1250940907233401, 
                    1254616703540977, 
                    1264822214120113, 
                    1268789176566480, 
                    1290506859817724, 
                    1294393102387451, 
                    1296009675993223, 
                    1305714801258377, 
                    1312785389606918, 
                    1320554553271389, 
                    1321437872293587, 
                    1322264440269533, 
                    1327438793773435, 
                    1328815915122299, 
                    1332511225179943, 
                    1353310370716759, 
                    1359082612443562, 
                    1369157541509071, 
                    1370078076999617, 
                    1372296702765706, 
                    1374977167590832, 
                    1424031109141119, 
                    1425379892240310, 
                    1431354048671757, 
                    1438820104567532, 
                    1446594231379441, 
                    1447714992140192, 
                    1461377686787287, 
                    1471076825376296, 
                    1472782255797392, 
                    1482681918768003, 
                    1497490256732306, 
                    1547221031281923, 
                    1550707027992566, 
                    1564666873755701, 
                    1588246890428661, 
                    1595907483613143, 
                    1626447255526524, 
                    1636444939153377, 
                    1637977120820536, 
                    1639195387638439, 
                    1645041537800321, 
                    1646094437206330, 
                    1667072320483152, 
                    1678914570359258, 
                    1691162890258061, 
                    1700747805396506, 
                    1710815803827679, 
                    1715164819298974, 
                    1718584127831740, 
                    1726377099129605, 
                    1730942956378865, 
                    1732639493795500, 
                    1734000504987815, 
                    1750267620066613, 
                    1760719069605776, 
                    1766611548478938, 
                    1773146799972706, 
                    1788138995346224, 
                    1790385218592772, 
                    1797966932855337, 
                    1812286611382932, 
                    1817319287960494, 
                    1833537484393161
                ], 
                "molecule": "dna", 
                "num": 0, 
                "seed": 42
            }
        ], 
        "type": "mrnaseq", 
        "version": 0.4
    }, 
    {
        "class": "sourmash_signature", 
        "email": "", 
        "filename": "mircea.fa", 
        "hash_function": "0.murmur64", 
        "name": "Thermotoga_petrophila_RKU-1", 
        "signatures": [
            {
                "ksize": 301, 
                "max_hash": 1844674407370955, 
                "md5sum": "59e1819c0e7c0310d3321e0e433239ad", 
                "mins": [
                    20928744929544, 
                    24737637540748, 
                    27653051783352, 
                    35758094480586, 
                    39079689260805, 
                    49202100929710, 
                    49701384500898, 
                    50811331995387, 
                    66959066283835, 
                    72856674295890, 
                    79970466083504, 
                    82934620891480, 
                    85144265508049, 
                    100029075757816, 
                    101712665977669, 
                    102365900145588, 
                    106006482551069, 
                    114903848908488, 
                    116409014560136, 
                    142171940974106, 
                    145993035830953, 
                    153490777109293, 
                    159652634775664, 
                    162764149385766, 
                    165299248812692, 
                    167607383983522, 
                    179540951126781, 
                    181506197784581, 
                    184381609145787, 
                    191365963643519, 
                    196869826609083, 
                    197310311111676, 
                    238753222574056, 
                    277213691155045, 
                    288621198385327, 
                    294576420312779, 
                    297120307285742, 
                    305914357935788, 
                    311056786650761, 
                    332339967430866, 
                    334970757284942, 
                    337921001273868, 
                    344117233911233, 
                    348236135294546, 
                    356177233347933, 
                    369977278821706, 
                    382760783722822, 
                    385910698646378, 
                    401976544198407, 
                    404158860874588, 
                    426920504572250, 
                    429150853374777, 
                    429837056818463, 
                    461559629328357, 
                    476230763599931, 
                    482459146578940, 
                    483966370207995, 
                    485235844058865, 
                    487534083439774, 
                    513561811688486, 
                    525841111471764, 
                    537753082448813, 
                    554155952418906, 
                    556663786898975, 
                    567712616538043, 
                    581642684897991, 
                    584663715950429, 
                    585222861187614, 
                    585520703436397, 
                    591527994227066, 
                    596249239858433, 
                    607949256160477, 
                    612051495978089, 
                    637727993739390, 
                    647993649161399, 
                    648644915421032, 
                    655490351110051, 
                    677586849491554, 
                    681254044309030, 
                    704852577620780, 
                    757308918114470, 
                    767757086099297, 
                    769559917413196, 
                    770185258307415, 
                    770317540415014, 
                    779111391332655, 
                    785305948750332, 
                    789188627632648, 
                    798451305807812, 
                    806580988270561, 
                    828891319549715, 
                    838848070369649, 
                    839282047388306, 
                    841604196665477, 
                    850332334026390, 
                    870426017304778, 
                    875935474091089, 
                    885293002939282, 
                    890873824213613, 
                    902266673728666, 
                    912763740962941, 
                    934586375850148, 
                    947098473165076, 
                    951043030377663, 
                    964727205971352, 
                    965833372415001, 
                    968506215751590, 
                    968630630454024, 
                    971824579846277, 
                    972008586096986, 
                    987556491848223, 
                    1005559409194585, 
                    1006104890709239, 
                    1006892064988166, 
                    1021670912522444, 
                    1024286266977151, 
                    1038714898093655, 
                    1070591075899662, 
                    1087480721868709, 
                    1111981491460923, 
                    1137084899936131, 
                    1140048315147224, 
                    1141607824477321, 
                    1149231667753226, 
                    1153992987510077, 
                    1161692717095645, 
                    1167729654131461, 
                    1169894661499476, 
                    1174515070418107, 
                    1174987431672718, 
                    1189210745330240, 
                    1233389084996444, 
                    1235733225931662, 
                    1244155493502702, 
                    1250940907233401, 
                    1251550426607540, 
                    1268789176566480, 
                    1272869991606298, 
                    1274636355252721, 
                    1290177528706974, 
                    1290506859817724, 
                    1295265227733647, 
                    1299759777171217, 
                    1339545951262385, 
                    1353310370716759, 
                    1438820104567532, 
                    1446594231379441, 
                    1473956864330679, 
                    1482681918768003, 
                    1484495775906526, 
                    1485997957538542, 
                    1502306769739021, 
                    1502386821871065, 
                    1535937526742106, 
                    1538767641204389, 
                    1550707027992566, 
                    1552541436879273, 
                    1557082271040247, 
                    1573095365236399, 
                    1576902357258784, 
                    1586539885523142, 
                    1588246890428661, 
                    1642888309870171, 
                    1661249208691242, 
                    1663208740869829, 
                    1667072320483152, 
                    1691618833435562, 
                    1695082374169151, 
                    1710815803827679, 
                    1729791768146394, 
                    1731822735608494, 
                    1732639493795500, 
                    1746408983812366, 
                    1761000486542010, 
                    1766611548478938, 
                    1773146799972706, 
                    1780081490475554, 
                    1786714211395925, 
                    1788138995346224, 
                    1790385218592772, 
                    1809944859544729, 
                    1812286611382932, 
                    1813011128887963, 
                    1813974294392603, 
                    1831734381826827, 
                    1835501171502255
                ], 
                "molecule": "dna", 
                "num": 0, 
                "seed": 42
            }
        ], 
        "type": "mrnaseq", 
        "version": 0.4
    }
]