[
    {
        "class": "sourmash_signature", 
        "email": "", 
        "filename": "mircea.fa", 
        "hash_function": "0.murmur64", 
        "name": "Thermotoga_sp._RQ2", 
        "signatures": [
            {
                "ksize": 51, 
                "max_hash": 1844674407370955, 
                "md5sum": "9a1b06e432f8adfa66b333b8af97df20", 
                "mins": [
                    7987067173561, 
                    9452425194230, 
                    14829756338403, 
                    33534300262200, 
                    69327674626521, 
                    82902908023912, 
                    93534167657270, 
                    97539574128990, 
                    116520610420608, 
                    119421637540724, 
                    123427515162406, 
                    134697413808401, 
                    135804054515491, 
                    152428807702498, 
                    161915371227376, 
                    162527211766592, 
                    165653162888685, 
                    169383462527253, 
                    176478879595221, 
                    180899199484069, 
                    185345007754456, 
                    191112536013164, 
                    194827550488029, 
                    212868873173463, 
                    216174673124934, 
                    217487400434534, 
                    223592295936676, 
                    225718212226291, 
                    230737783601941, 
                    234249508283140, 
                    241744999972523, 
                    247919950369710, 
                    250216948445086, 
                    276724308247627, 
                    278202877830620, 
                    293662562623678, 
                    295777714572275, 
                    303776390210620, 
                    324194289266976, 
                    329569483603564, 
                    335378787991204, 
                    383572312246246, 
                    394363205681006, 
                    408018266621428, 
                    412754661259696, 
                    417312459750734, 
                    417924942114747, 
                    433414314012527, 
                    437469455587445, 
                    437478700536930, 
                    458832222758299, 
                    461890916034620, 
                    469845213147863, 
                    471221696192990, 
                    487594585635785, 
                    490847125248645, 
                    519975878927621, 
                    528036060408230, 
                    529520591927977, 
                    529924662748750, 
                    533507652205931, 
                    538550979451028, 
                    545431993381271, 
                    559491030649818, 
                    573186424596372, 
                    579979166073878, 
                    584699563852902, 
                    585018829621624, 
                    597986722945325, 
                    606192197990015, 
                    625208068396104, 
                    627235101229593, 
                    635554321806341, 
                    652478467624706, 
                    653243396242875, 
                    656936458672824, 
                    661214098839933, 
                    671835442103428, 
                    682374617434547, 
                    683681205749169, 
                    684878680604007, 
                    700799985411368, 
                    708552165184384, 
                    709668226408220, 
                    720268871618538, 
                    725559323127522, 
                    734033502901891, 
                    773355277233896, 
                    777726006674014, 
                    793750232516318, 
                    806087752101458, 
                    808283136625068, 
                    840904857984784, 
                    848955619437435, 
                    854998499802045, 
                    857727535216079, 
                    882786162086829, 
                    893887823689279, 
                    897324665016422, 
                    909390660676304, 
                    918666655766996, 
                    931954146214020, 
                    940822416669021, 
                    969932051232579, 
                    1010629905599591, 
                    1017644610190506, 
                    1018017772813468, 
                    1026731988351029, 
                    1032555046883522, 
                    1043848674357167, 
                    1047296695739229, 
                    1057828051424483, 
                    1059587712439242, 
                    1077310475839126, 
                    1105635659614474, 
                    1106012443797893, 
                    1106444697774646, 
                    1113851886319010, 
                    1143864537428729, 
                    1160333355007369, 
                    1171404771830011, 
                    1175131597376644, 
                    1183501547035120, 
                    1189803922310231, 
                    1191964195802413, 
                    1215768620619904, 
                    1218327632278552, 
                    1224521640926186, 
                    1225755737293365, 
                    1239183849288536, 
                    1246818763565140, 
                    1251080494728961, 
                    1262359308202302, 
                    1263864478980834, 
                    1278551890237373, 
                    1284341463551886, 
                    1291840273137667, 
                    1294884841242541, 
                    1302180577244246, 
                    1318978184318484, 
                    1339678817328492, 
                    1356715868753385, 
                    1377395544186249, 
                    1392238365525607, 
                    1405221571922965, 
                    1418407202499881, 
                    1431157647263210, 
                    1434437952454122, 
                    1459155723504752, 
                    1466790471550080, 
                    1501818197751711, 
                    1531736278521358, 
                    1534009660591800, 
                    1541482021015685, 
                    1556200593102492, 
                    1561545330825364, 
                    1610967581915369, 
                    1614924274861892, 
                    1625488153098530, 
                    1626040039204607, 
                    1635835949047007, 
                    1640961099126118, 
                    1651499463051405, 
                    1653652783785410, 
                    1656550988772698, 
                    1656595404267412, 
                    1657963543675834, 
                    1681011649479272, 
                    1689836236173221, 
                    1719879371042302, 
                    1720817713931794, 
                    1727346272931584, 
                    1728751562418112, 
                    1736420233608763, 
                    1739163573119273, 
                    1740135953514789, 
                    1746326861771499, 
                    1747075832192833, 
                    1752019462350821, 
                    1752958161102325, 
                    1764627522400161, 
                    1782668613809928, 
                    1794341144461066, 
                    1803686349198812, 
                    1808457244708064, 
                    1816317485376252, 
                    1819788012468107, 
                    1842936258423993
                ], 
                "molecule": "dna", 
                "num": 0, 
                "seed": 42
            }
        ], 
        "type": "mrnaseq", 
        "version": 0.4
    }, 
    {
        "class": "sourmash_signature", 
        "email": "", 
        "filename": "mircea.fa", 
        "hash_function": "0.murmur64", 
        "name": "Thermotoga_petrophila_RKU-1", 
        "signatures": [
            {
                "ksize": 51, 
                "max_hash": 1844674407370955, 
                "md5sum": "eae344cd1a250802c83c59b3b7b9701d", 
                "mins": [
                    973962850808, 
                    9452425194230, 
                    14829756338403, 
                    17722697484157, 
                    46875221049233, 
                    69380552441210, 
                    73657980688182, 
                    82902908023912, 
                    116520610420608, 
                    119421637540724, 
                    120981791233516, 
                    121491422079744, 
                    135804054515491, 
                    145066305090287, 
                    162527211766592, 
                    172417891426574, 
                    176158622799543, 
                    176478879595221, 
                    180253836901755, 
                    180899199484069, 
                    211093119350944, 
                    212868873173463, 
                    216174673124934, 
                    234249508283140, 
                    239323302896759, 
                    278202877830620, 
                    295777714572275, 
                    298851747322922, 
                    303776390210620, 
                    326425582674960, 
                    330283386256146, 
                    335060052793872, 
                    351216542016635, 
                    359776252021004, 
                    374395463154364, 
                    375591461926873, 
                    377456648939497, 
                    383572312246246, 
                    392370819468093, 
                    394363205681006, 
                    408018266621428, 
                    417924942114747, 
                    437469455587445, 
                    437478700536930, 
                    440685440780073, 
                    458832222758299, 
                    459388435566344, 
                    461890916034620, 
                    466275611934250, 
                    466972737100374, 
                    471221696192990, 
                    481973832369001, 
                    487594585635785, 
                    490847125248645, 
                    528036060408230, 
                    537113968975985, 
                    538550979451028, 
                    545431993381271, 
                    550172672800315, 
                    559018072919130, 
                    559491030649818, 
                    560170187023557, 
                    569143280701012, 
                    578743510200154, 
                    585018829621624, 
                    590116061171690, 
                    593150759910456, 
                    597986722945325, 
                    609874970047270, 
                    616481909587984, 
                    627235101229593, 
                    635554321806341, 
                    648477231725888, 
                    652478467624706, 
                    682374617434547, 
                    683681205749169, 
                    709668226408220, 
                    720268871618538, 
                    722123359301647, 
                    725559323127522, 
                    728189998911328, 
                    734033502901891, 
                    738558005230466, 
                    768115803666171, 
                    775835479041704, 
                    785631771278763, 
                    806087752101458, 
                    821925432065696, 
                    835232473384327, 
                    840904857984784, 
                    844618848911982, 
                    882786162086829, 
                    893887823689279, 
                    901413190855721, 
                    909390660676304, 
                    913942286391732, 
                    918666655766996, 
                    931954146214020, 
                    948516548030434, 
                    962398393500136, 
                    1001276711278260, 
                    1008513712199933, 
                    1014032481335294, 
                    1017644610190506, 
                    1018017772813468, 
                    1022229548048339, 
                    1025966913465445, 
                    1026731988351029, 
                    1032555046883522, 
                    1043848674357167, 
                    1044034082906621, 
                    1047296695739229, 
                    1063618240194749, 
                    1064580612248171, 
                    1105635659614474, 
                    1106012443797893, 
                    1113851886319010, 
                    1143005750384051, 
                    1183501547035120, 
                    1184482394159934, 
                    1191964195802413, 
                    1213894082892563, 
                    1215768620619904, 
                    1219375067371782, 
                    1224521640926186, 
                    1239183849288536, 
                    1246818763565140, 
                    1251080494728961, 
                    1262359308202302, 
                    1263864478980834, 
                    1269489089514041, 
                    1284579875216334, 
                    1291840273137667, 
                    1302180577244246, 
                    1356715868753385, 
                    1359919339614221, 
                    1362083284849892, 
                    1366118913339349, 
                    1376137203919938, 
                    1377395544186249, 
                    1384421050855524, 
                    1392238365525607, 
                    1420015899532890, 
                    1422560137500669, 
                    1424144113248210, 
                    1433154566314732, 
                    1449641347133037, 
                    1468404044946894, 
                    1475163378855917, 
                    1484107111874232, 
                    1502921353626359, 
                    1514381154808634, 
                    1523870670010756, 
                    1525416862669724, 
                    1529204728490900, 
                    1537177245067848, 
                    1541482021015685, 
                    1554137897453063, 
                    1561545330825364, 
                    1581722240208205, 
                    1596362694609619, 
                    1614924274861892, 
                    1623646710873417, 
                    1625488153098530, 
                    1626040039204607, 
                    1650907936834036, 
                    1651499463051405, 
                    1657963543675834, 
                    1689836236173221, 
                    1690738600068715, 
                    1701470431525421, 
                    1704395867920075, 
                    1719879371042302, 
                    1720817713931794, 
                    1727346272931584, 
                    1728751562418112, 
                    1736420233608763, 
                    1739163573119273, 
                    1740135953514789, 
                    1747075832192833, 
                    1752019462350821, 
                    1762599438583521, 
                    1762907716819922, 
                    1764627522400161, 
                    1777264201992995, 
                    1795058880378888, 
                    1807536635144399, 
                    1832757123872774, 
                    1838243257806969
                ], 
                "molecule": "dna", 
                "num": 0, 
                "seed": 42
            }
        ], 
        "type": "mrnaseq", 
        "version": 0.4
    }
]