[
    {
        "class": "sourmash_signature", 
        "email": "", 
        "filename": "mircea.fa", 
        "hash_function": "0.murmur64", 
        "name": "Thermotoga_sp._RQ2", 
        "signatures": [
            {
                "ksize": 101, 
                "max_hash": 1844674407370955, 
                "md5sum": "f8dff72894c64b198c1186b8e26aaf93", 
                "mins": [
                    2706175993239, 
                    30286704199463, 
                    61297969916457, 
                    63690266172523, 
                    69619728408785, 
                    69620387098368, 
                    73967809259679, 
                    97775874231959, 
                    99673707321527, 
                    127459734533096, 
                    130465438625677, 
                    131330039484711, 
                    144335920778677, 
                    146780996282344, 
                    148480868460375, 
                    154727447891010, 
                    157019413716843, 
                    167525945314725, 
                    170593464102784, 
                    205467044540012, 
                    224799106708502, 
                    225125774858720, 
                    239713593806494, 
                    257410527576724, 
                    267797764354626, 
                    285685508715060, 
                    287461470130039, 
                    289422331197725, 
                    320733006347319, 
                    335320770322649, 
                    340243389603657, 
                    419291178407875, 
                    421286076056045, 
                    471426099306689, 
                    480628999525730, 
                    488338406915691, 
                    516099246971224, 
                    523018972460547, 
                    561007186165812, 
                    563679247709242, 
                    570844244663571, 
                    579700493258308, 
                    580530697123406, 
                    593355971974737, 
                    600927797319207, 
                    608237968124091, 
                    620581894966716, 
                    625338475179405, 
                    637934209269258, 
                    659893500034121, 
                    682072691134627, 
                    687156267755616, 
                    693947234420006, 
                    711118018321403, 
                    719300857426789, 
                    759338053986012, 
                    764360034663966, 
                    782519994169917, 
                    791292426916749, 
                    820680143132196, 
                    824250281196889, 
                    825969021826980, 
                    831141828088850, 
                    843331088451887, 
                    845001697581318, 
                    859083042607592, 
                    869435035802279, 
                    871765809609163, 
                    908898643170269, 
                    909677729711385, 
                    926327286084868, 
                    952099394111443, 
                    960759818948743, 
                    966564923840546, 
                    967355853844244, 
                    980315330226513, 
                    1013010998420918, 
                    1015407552065123, 
                    1016346419842322, 
                    1023514108690969, 
                    1042240141273657, 
                    1046177997371903, 
                    1050365311410332, 
                    1061037737236535, 
                    1063062105723583, 
                    1064662210928542, 
                    1069971637435401, 
                    1074334093261577, 
                    1105797035648166, 
                    1128975939913566, 
                    1132463424871034, 
                    1132639482451373, 
                    1135426157815796, 
                    1184500472720618, 
                    1188114264718477, 
                    1217676575691427, 
                    1229943018263176, 
                    1232319830829982, 
                    1235078092531503, 
                    1241391801417050, 
                    1248646378067238, 
                    1249829182205946, 
                    1253102353992373, 
                    1267361751182264, 
                    1268036289273000, 
                    1271379030853841, 
                    1279642627149406, 
                    1296985699737771, 
                    1304705428072700, 
                    1319644472117461, 
                    1325780336021584, 
                    1341421935069887, 
                    1363142192977461, 
                    1375857854599443, 
                    1378304841828250, 
                    1379108855645747, 
                    1386589044123590, 
                    1389157845100227, 
                    1398455615258974, 
                    1398923556609836, 
                    1418421733939874, 
                    1429844070923055, 
                    1432571990264884, 
                    1432590540373017, 
                    1438165476366005, 
                    1438939082323022, 
                    1442577517532647, 
                    1450276413375979, 
                    1451718194837247, 
                    1452843522058594, 
                    1466360476000047, 
                    1473447510374911, 
                    1485335222855876, 
                    1511519197735820, 
                    1520316807915684, 
                    1521320563104311, 
                    1530559669910313, 
                    1531813637969026, 
                    1542296474750184, 
                    1544239653267966, 
                    1552322742265042, 
                    1564872836859193, 
                    1579745878773914, 
                    1594678526177589, 
                    1597189248640828, 
                    1601079983553976, 
                    1620310528035161, 
                    1623900750508967, 
                    1628404624304725, 
                    1629643968251236, 
                    1643985738730988, 
                    1650511138776938, 
                    1665646460797493, 
                    1668889342079046, 
                    1672457787144960, 
                    1686050176036179, 
                    1695596778566861, 
                    1704452921058289, 
                    1709549191827717, 
                    1710689135671498, 
                    1732283126755365, 
                    1737666011718780, 
                    1738781821979319, 
                    1746963011790782, 
                    1756704879732025, 
                    1766019362753816, 
                    1766176600548295, 
                    1786413869631065, 
                    1792374080540599, 
                    1811542808316707, 
                    1813006509307816, 
                    1813392240363198, 
                    1816954931287110, 
                    1823645819829663
                ], 
                "molecule": "dna", 
                "num": 0, 
                "seed": 42
            }
        ], 
        "type": "mrnaseq", 
        "version": 0.4
    }, 
    {
        "class": "sourmash_signature", 
        "email": "", 
        "filename": "mircea.fa", 
        "hash_function": "0.murmur64", 
        "name": "Thermotoga_petrophila_RKU-1", 
        "signatures": [
            {
                "ksize": 101, 
                "max_hash": 1844674407370955, 
                "md5sum": "9615e69f5bed0dfc839cec04a9dd4fa8", 
                "mins": [
                    6543723233423, 
                    24866477336145, 
                    32713021281296, 
                    33720274517828, 
                    61297969916457, 
                    70570040911670, 
                    70604731764066, 
                    82048231512820, 
                    82306223392544, 
                    97999464922275, 
                    99673707321527, 
                    105986647489122, 
                    107899489693886, 
                    111894854325189, 
                    112050640804672, 
                    112676001667610, 
                    122889241146548, 
                    130465438625677, 
                    141103808105070, 
                    144335920778677, 
                    151290964586413, 
                    154333373300135, 
                    167525945314725, 
                    168874683030606, 
                    170593464102784, 
                    185356764638072, 
                    185444494194936, 
                    189890026581354, 
                    194056389522991, 
                    202927139825091, 
                    205880722401653, 
                    216026353402290, 
                    224799106708502, 
                    225125774858720, 
                    248598086921031, 
                    268273190331630, 
                    279705164442775, 
                    280675134339999, 
                    287461470130039, 
                    305811956201733, 
                    317602339490754, 
                    320733006347319, 
                    335320770322649, 
                    347687490524711, 
                    366368226414045, 
                    425603557491329, 
                    428280088731416, 
                    431079231742687, 
                    434114082062679, 
                    435549717479471, 
                    452077816299148, 
                    455673786604974, 
                    471426099306689, 
                    476732031397276, 
                    480628999525730, 
                    552983704655327, 
                    561007186165812, 
                    579700493258308, 
                    606345507201494, 
                    608237968124091, 
                    624519681011784, 
                    635374354902700, 
                    661503727974963, 
                    664576429798147, 
                    686893904987066, 
                    727514958069471, 
                    752533190225355, 
                    764360034663966, 
                    777410080780141, 
                    782519994169917, 
                    786771213184545, 
                    788942495225474, 
                    791346168154202, 
                    813443344037002, 
                    824360207453440, 
                    825969021826980, 
                    845001697581318, 
                    855879701167421, 
                    859083042607592, 
                    860298731955131, 
                    860493151573118, 
                    860863071666172, 
                    862177998557227, 
                    866628305785587, 
                    870150310358132, 
                    881827783691899, 
                    890172906972742, 
                    905876611400997, 
                    909677729711385, 
                    966564923840546, 
                    980315330226513, 
                    981313310738669, 
                    1061037737236535, 
                    1064471403773641, 
                    1064662210928542, 
                    1065533795407507, 
                    1069971637435401, 
                    1094322893271626, 
                    1132639482451373, 
                    1136763761521420, 
                    1184751946665811, 
                    1188114264718477, 
                    1218671744327484, 
                    1248646378067238, 
                    1255393376483488, 
                    1263975958587970, 
                    1266537331271288, 
                    1270336851378645, 
                    1304705428072700, 
                    1319644472117461, 
                    1330654945037990, 
                    1351006611600226, 
                    1359901913348266, 
                    1363142192977461, 
                    1364141019476426, 
                    1398455615258974, 
                    1398923556609836, 
                    1399569654369545, 
                    1418421733939874, 
                    1424040784166384, 
                    1424445165622299, 
                    1429844070923055, 
                    1432571990264884, 
                    1432590540373017, 
                    1438165476366005, 
                    1438353740265452, 
                    1444937389356800, 
                    1466360476000047, 
                    1476242994707731, 
                    1494445804523342, 
                    1507840445790777, 
                    1510112755627011, 
                    1520316807915684, 
                    1525034517263300, 
                    1529070390863784, 
                    1552322742265042, 
                    1564872836859193, 
                    1574158352816779, 
                    1576614022444941, 
                    1577702994778513, 
                    1582499413059596, 
                    1587361073186553, 
                    1594678526177589, 
                    1597189248640828, 
                    1601079983553976, 
                    1602962589300838, 
                    1606168993820991, 
                    1620310528035161, 
                    1622062420006686, 
                    1625465395274531, 
                    1626860565444969, 
                    1628404624304725, 
                    1650511138776938, 
                    1672457787144960, 
                    1672668037561084, 
                    1688230323855538, 
                    1696024994911331, 
                    1709549191827717, 
                    1723127822153158, 
                    1732283126755365, 
                    1746963011790782, 
                    1760482644307263, 
                    1766019362753816, 
                    1766176600548295, 
                    1776905587638148, 
                    1786413869631065, 
                    1792374080540599, 
                    1811542808316707, 
                    1813392240363198
                ], 
                "molecule": "dna", 
                "num": 0, 
                "seed": 42
            }
        ], 
        "type": "mrnaseq", 
        "version": 0.4
    }
]