[
    {
        "class": "sourmash_signature", 
        "email": "", 
        "filename": "mircea.fa", 
        "hash_function": "0.murmur64", 
        "name": "Thermotoga_sp._RQ2", 
        "signatures": [
            {
                "ksize": 201, 
                "max_hash": 1844674407370955, 
                "md5sum": "7765b5cb362ffa558888cf669a296dc4", 
                "mins": [
                    1206018411510, 
                    16442912418809, 
                    21103274326913, 
                    33916798481079, 
                    40641091235199, 
                    51894270537227, 
                    74056163984470, 
                    113837830893334, 
                    114558921543961, 
                    131821284465267, 
                    138757012492307, 
                    139922081018217, 
                    163827975853031, 
                    169737995911685, 
                    174078849967289, 
                    175359635504075, 
                    175710315642119, 
                    206116460821802, 
                    217351652344125, 
                    219074904925402, 
                    235871914847124, 
                    239087227364685, 
                    246614488018644, 
                    259651965262856, 
                    268993169012964, 
                    272174280761769, 
                    277279589846296, 
                    277520642083432, 
                    279347576433947, 
                    282927122552039, 
                    290674358035478, 
                    307786373381479, 
                    310752309764688, 
                    317432153724405, 
                    320590472559220, 
                    321133795663880, 
                    323438095288270, 
                    331019573562574, 
                    335209336510289, 
                    345386852342088, 
                    348805933057844, 
                    354478363034856, 
                    370658926232575, 
                    376043374262314, 
                    382953523405827, 
                    387821859068318, 
                    396280193804453, 
                    404479414752402, 
                    408159902092872, 
                    435188962235170, 
                    449614550048115, 
                    450734474998961, 
                    454611484835814, 
                    456732946255442, 
                    471628187846855, 
                    477170760354875, 
                    481554912741757, 
                    491835963939846, 
                    493725665861308, 
                    498546787299382, 
                    505592313697943, 
                    506354940000462, 
                    506990834822199, 
                    529250103959376, 
                    549268851567816, 
                    573319301146331, 
                    575833104202920, 
                    585678723001044, 
                    592217636978414, 
                    592370604752323, 
                    598113145205279, 
                    620855401652920, 
                    633471605621032, 
                    636555390513440, 
                    636906452230217, 
                    639547691615567, 
                    647158643138068, 
                    648477228339996, 
                    670468375350575, 
                    673673453180318, 
                    685606704491656, 
                    716611892997768, 
                    718251587705394, 
                    721260065369974, 
                    722671369088723, 
                    727788760441016, 
                    748343415661456, 
                    759694930723476, 
                    768684859474195, 
                    779276984103156, 
                    781189178767225, 
                    783182875260839, 
                    786692969104564, 
                    821015477617735, 
                    822821416780451, 
                    830586165989455, 
                    835627043082729, 
                    857391842087417, 
                    860127983645343, 
                    870380578299604, 
                    897522218826236, 
                    941594998823516, 
                    941674343821696, 
                    945004004185983, 
                    956384658357722, 
                    966714129802803, 
                    973848427409591, 
                    981605372376214, 
                    983331212987644, 
                    996472833849753, 
                    1020798478912612, 
                    1025718761432951, 
                    1028461711854165, 
                    1030392402438762, 
                    1032098162165822, 
                    1037116558335523, 
                    1045914627625850, 
                    1051874380051502, 
                    1080645217235026, 
                    1096972361099627, 
                    1102305161122209, 
                    1104901986881151, 
                    1108900066030989, 
                    1119778828832563, 
                    1124981652156661, 
                    1131097190801470, 
                    1133301158218825, 
                    1156100257624535, 
                    1156526705210531, 
                    1198007916553835, 
                    1208230399847516, 
                    1215714385838371, 
                    1224707052353176, 
                    1242816687056011, 
                    1262721162966328, 
                    1284384233524109, 
                    1285528420046739, 
                    1289778378036177, 
                    1301300550829505, 
                    1301926483086825, 
                    1305045621846812, 
                    1310891870026733, 
                    1314361383981513, 
                    1319749718075853, 
                    1322918599732503, 
                    1324597932793357, 
                    1340287741291056, 
                    1359436641639755, 
                    1367794006727270, 
                    1401827933506898, 
                    1424336911977661, 
                    1452616827567106, 
                    1465023435022343, 
                    1483458595447131, 
                    1507658874214625, 
                    1507975289413378, 
                    1516663250299379, 
                    1519182188670753, 
                    1524376546087523, 
                    1529681254342363, 
                    1533676017277663, 
                    1535828659574572, 
                    1539429950071342, 
                    1543486065213891, 
                    1543709610538845, 
                    1550883106463750, 
                    1556900059654323, 
                    1584528604520804, 
                    1592875932208005, 
                    1597416816705748, 
                    1606684830069857, 
                    1607419265247814, 
                    1611287884951912, 
                    1621738692227205, 
                    1664804121283531, 
                    1698019503965678, 
                    1698202316747155, 
                    1699898319902559, 
                    1699913623471163, 
                    1703272118702411, 
                    1704541378260402, 
                    1724893345698649, 
                    1725860045298185, 
                    1733191592824165, 
                    1738295853504108, 
                    1749226078516417, 
                    1764742478145261, 
                    1765761444818818, 
                    1768548638250296, 
                    1770145685597774, 
                    1771101887013778, 
                    1771655997091322, 
                    1772443571435449, 
                    1786204573858393, 
                    1803376758835176, 
                    1811955924286521, 
                    1820764729226541, 
                    1831108610667101, 
                    1834727182788916
                ], 
                "molecule": "dna", 
                "num": 0, 
                "seed": 42
            }
        ], 
        "type": "mrnaseq", 
        "version": 0.4
    }, 
    {
        "class": "sourmash_signature", 
        "email": "", 
        "filename": "mircea.fa", 
        "hash_function": "0.murmur64", 
        "name": "Thermotoga_petrophila_RKU-1", 
        "signatures": [
            {
                "ksize": 201, 
                "max_hash": 1844674407370955, 
                "md5sum": "cc89068477c8015387272acd598ac35d", 
                "mins": [
                    21103274326913, 
                    25903431882461, 
                    27056629668313, 
                    42889426303754, 
                    42949512809756, 
                    54211757478280, 
                    83085378589420, 
                    90125533859874, 
                    103790718884642, 
                    111319094803943, 
                    114064267805042, 
                    123404561320924, 
                    131821284465267, 
                    139922081018217, 
                    140965924213127, 
                    147991435798288, 
                    169737995911685, 
                    175359635504075, 
                    187642696738807, 
                    193445556148075, 
                    217351652344125, 
                    220310702639611, 
                    220462820967136, 
                    235871914847124, 
                    239087227364685, 
                    268993169012964, 
                    276937590133357, 
                    278022952670498, 
                    279268801237345, 
                    299258497652158, 
                    302846015011415, 
                    316842929696345, 
                    317432153724405, 
                    323438095288270, 
                    345386852342088, 
                    356786443729377, 
                    383805744820337, 
                    387821859068318, 
                    396280193804453, 
                    413469559307507, 
                    418415763504432, 
                    430245414735479, 
                    435188962235170, 
                    441153807771964, 
                    454611484835814, 
                    457883044085592, 
                    471628187846855, 
                    486877606159112, 
                    491835963939846, 
                    496508955877101, 
                    498546787299382, 
                    506354940000462, 
                    506990834822199, 
                    528359443450799, 
                    542212651178784, 
                    543317316628913, 
                    575833104202920, 
                    585678723001044, 
                    592370604752323, 
                    597034219545049, 
                    598113145205279, 
                    601261153744432, 
                    624433383571157, 
                    628988430934087, 
                    632916181893637, 
                    639715340214186, 
                    642408917944842, 
                    647158643138068, 
                    650974417405965, 
                    663187848502566, 
                    667389547733877, 
                    670468375350575, 
                    671812496990564, 
                    679138315758952, 
                    685606704491656, 
                    686477328086291, 
                    701888981754776, 
                    703258734537024, 
                    716611892997768, 
                    722671369088723, 
                    736667783950765, 
                    748343415661456, 
                    761306867558488, 
                    765411703086976, 
                    766640937201294, 
                    770188861406214, 
                    775061082985335, 
                    779814012490765, 
                    781189178767225, 
                    787197009570233, 
                    817925582901309, 
                    830730914221476, 
                    832980754992364, 
                    837895431435931, 
                    838488351521868, 
                    838773059227521, 
                    841394871864964, 
                    857812998959033, 
                    860127983645343, 
                    884417060223595, 
                    912098190598964, 
                    919104500263491, 
                    929911858676026, 
                    941674343821696, 
                    956384658357722, 
                    962247334599508, 
                    981605372376214, 
                    983331212987644, 
                    991439396804385, 
                    1005996942938116, 
                    1011224147980036, 
                    1059639256225706, 
                    1080645217235026, 
                    1092356383068966, 
                    1096798659819465, 
                    1096972361099627, 
                    1102305161122209, 
                    1104901986881151, 
                    1108900066030989, 
                    1119778828832563, 
                    1122620781839395, 
                    1133301158218825, 
                    1133945992832663, 
                    1142419389737040, 
                    1156526705210531, 
                    1178116994363231, 
                    1202395719815784, 
                    1215714385838371, 
                    1224707052353176, 
                    1243646998083193, 
                    1245847317867952, 
                    1268938687454789, 
                    1271292452717457, 
                    1282814506486117, 
                    1285528420046739, 
                    1294361085797065, 
                    1305045621846812, 
                    1307686018146067, 
                    1314361383981513, 
                    1314692292148924, 
                    1322918599732503, 
                    1324597932793357, 
                    1342881667522284, 
                    1360719058677524, 
                    1367794006727270, 
                    1368777049954083, 
                    1369504445773288, 
                    1384442297289268, 
                    1395523809646513, 
                    1401827933506898, 
                    1405435065571961, 
                    1411367386380691, 
                    1412416871191295, 
                    1424336911977661, 
                    1426785425900166, 
                    1427764318871352, 
                    1452616827567106, 
                    1465023435022343, 
                    1492974793718320, 
                    1494529059913231, 
                    1503548235561120, 
                    1511273681256445, 
                    1515351210585065, 
                    1524376546087523, 
                    1535671668150619, 
                    1535828659574572, 
                    1541976374329312, 
                    1546131689317124, 
                    1569024513910217, 
                    1584611652795849, 
                    1591595886170971, 
                    1592875932208005, 
                    1596496233219876, 
                    1608939149935151, 
                    1618469118389056, 
                    1635155794393941, 
                    1664804121283531, 
                    1677174972648767, 
                    1690792182722145, 
                    1699898319902559, 
                    1704541378260402, 
                    1708825234444696, 
                    1711000643235976, 
                    1723477647487157, 
                    1724665158740311, 
                    1724893345698649, 
                    1729510158501139, 
                    1749226078516417, 
                    1749403541359063, 
                    1750639735942494, 
                    1762132679357879, 
                    1762373980776034, 
                    1765761444818818, 
                    1768548638250296, 
                    1772443571435449, 
                    1772961790415109, 
                    1774310748957227, 
                    1779092898975105, 
                    1790646040648739, 
                    1804616291020994, 
                    1815707066697609, 
                    1816469758570331, 
                    1820764729226541, 
                    1821311485528699, 
                    1831108610667101, 
                    1834727182788916, 
                    1836159264743345
                ], 
                "molecule": "dna", 
                "num": 0, 
                "seed": 42
            }
        ], 
        "type": "mrnaseq", 
        "version": 0.4
    }
]