[
    {
        "class": "sourmash_signature", 
        "email": "", 
        "filename": "mircea.fa", 
        "hash_function": "0.murmur64", 
        "name": "Thermotoga_sp._RQ2", 
        "signatures": [
            {
                "ksize": 41, 
                "max_hash": 1844674407370955, 
                "md5sum": "310bf8c8e13e058e8171076c6f2c6b88", 
                "mins": [
                    25448413483476, 
                    36870877370204, 
                    47585785286017, 
                    51270111729755, 
                    54583898599622, 
                    68910054383675, 
                    70365818890090, 
                    88616571032871, 
                    91559424467618, 
                    113856228665128, 
                    119010617456342, 
                    157817128301995, 
                    186554839933672, 
                    187827935934939, 
                    191046298391283, 
                    216999245287480, 
                    222765203043873, 
                    256443003638879, 
                    269524394853705, 
                    277459670882752, 
                    283717062083551, 
                    299075460664923, 
                    306428458668983, 
                    308350612335040, 
                    336690910038195, 
                    341618479158788, 
                    346117947887486, 
                    348732512251911, 
                    349063965889600, 
                    349665758133272, 
                    377049183311702, 
                    383334444808173, 
                    388346131574615, 
                    390240534819864, 
                    399511542425268, 
                    420683313278864, 
                    459213673608692, 
                    471838475245088, 
                    488426667515021, 
                    489959325841447, 
                    491791090055136, 
                    512783038222279, 
                    515368642782307, 
                    515545987354569, 
                    535465536744171, 
                    538067497998856, 
                    543800655559885, 
                    556841999432064, 
                    567821505398583, 
                    575149930571400, 
                    582954128679401, 
                    595086966902320, 
                    601151908456125, 
                    608933534301204, 
                    625738478069965, 
                    641018684761559, 
                    643444407101590, 
                    645079551750024, 
                    648930869062582, 
                    663651742373570, 
                    664530099017675, 
                    683759486614235, 
                    712934655026645, 
                    713913079429365, 
                    729074043706672, 
                    758065102187181, 
                    759054094001575, 
                    759299148874301, 
                    760479232245476, 
                    799361384812693, 
                    804014407680467, 
                    807856944227443, 
                    811087489899441, 
                    811694238917591, 
                    815932988402056, 
                    819014035143362, 
                    823041392490991, 
                    836077515748442, 
                    839458513572420, 
                    841320022318407, 
                    869333260452206, 
                    873352493752734, 
                    874006612363903, 
                    908572982341922, 
                    909267933412852, 
                    927595502264395, 
                    932470857414128, 
                    947384671007621, 
                    959886038255008, 
                    962576526829220, 
                    966513785238986, 
                    978326247484433, 
                    979241435253451, 
                    981080942752147, 
                    999537932954033, 
                    999822977844375, 
                    1008217450652484, 
                    1023403007820401, 
                    1028368069027910, 
                    1033731421685275, 
                    1042813917417778, 
                    1047556340332929, 
                    1051478063378001, 
                    1056867462307784, 
                    1078032322305499, 
                    1078554010788985, 
                    1079940135148545, 
                    1088271924323897, 
                    1109155896897575, 
                    1110066063222924, 
                    1152274076573781, 
                    1162101070738140, 
                    1183981462345649, 
                    1193158342594321, 
                    1193319876885203, 
                    1213097489770076, 
                    1216972182889521, 
                    1224638179914832, 
                    1236576665991142, 
                    1239373162353637, 
                    1244784977449772, 
                    1261464982630642, 
                    1261544167920878, 
                    1266734113112496, 
                    1290661115655022, 
                    1293821342193964, 
                    1304245486515231, 
                    1320772176854141, 
                    1329251358587403, 
                    1341607227994499, 
                    1357695084606731, 
                    1365882521069268, 
                    1388410381095267, 
                    1400008122485663, 
                    1414223760247263, 
                    1421369933316889, 
                    1444618894826542, 
                    1446851838457873, 
                    1450349417217832, 
                    1459872981258639, 
                    1460348149522080, 
                    1461470305463708, 
                    1471037455329587, 
                    1471679278603888, 
                    1475151419144484, 
                    1501945023567232, 
                    1515399267764913, 
                    1524971386020195, 
                    1528252883609002, 
                    1552422943875442, 
                    1561321635314416, 
                    1596584631532589, 
                    1620949675434253, 
                    1625728125636506, 
                    1627286564513837, 
                    1646956917485299, 
                    1649888706005899, 
                    1667968611457117, 
                    1691878451790177, 
                    1692348006912592, 
                    1694572567341021, 
                    1700318528948964, 
                    1706713118179359, 
                    1725300272443958, 
                    1732577207051455, 
                    1734816503238664, 
                    1735043595268505, 
                    1754398422890027, 
                    1765682828551764, 
                    1768068831243440, 
                    1784571388480156, 
                    1804294233280664, 
                    1820920232207284, 
                    1836567196597881, 
                    1839891817817139
                ], 
                "molecule": "dna", 
                "num": 0, 
                "seed": 42
            }
        ], 
        "type": "mrnaseq", 
        "version": 0.4
    }, 
    {
        "class": "sourmash_signature", 
        "email": "", 
        "filename": "mircea.fa", 
        "hash_function": "0.murmur64", 
        "name": "Thermotoga_petrophila_RKU-1", 
        "signatures": [
            {
                "ksize": 41, 
                "max_hash": 1844674407370955, 
                "md5sum": "05bdce20df029c7b5aa4cad6a2200331", 
                "mins": [
                    3341741378764, 
                    21607884717585, 
                    31925105026812, 
                    36870877370204, 
                    39642255473872, 
                    54583898599622, 
                    66792247845673, 
                    68910054383675, 
                    102904190559781, 
                    108630541392216, 
                    121888493841108, 
                    129841197933905, 
                    153775824226129, 
                    159764459137252, 
                    164073632900061, 
                    177482350526811, 
                    191046298391283, 
                    216999245287480, 
                    221690235358763, 
                    233755834509243, 
                    278608501030085, 
                    283717062083551, 
                    293339133251700, 
                    299075460664923, 
                    308350612335040, 
                    321146626627037, 
                    336690910038195, 
                    343750671855455, 
                    348732512251911, 
                    349063965889600, 
                    356321421438420, 
                    364735032495284, 
                    370304973508851, 
                    377049183311702, 
                    390240534819864, 
                    397775279490466, 
                    399511542425268, 
                    415673981596878, 
                    420166082689580, 
                    420683313278864, 
                    448474517158283, 
                    459765575660567, 
                    471791958727969, 
                    474111933944304, 
                    489959325841447, 
                    512783038222279, 
                    515368642782307, 
                    538067497998856, 
                    541687474061822, 
                    575149930571400, 
                    590020384477880, 
                    601151908456125, 
                    608933534301204, 
                    625738478069965, 
                    627857132872505, 
                    635677315654006, 
                    638330087935853, 
                    640434197730598, 
                    641018684761559, 
                    643444407101590, 
                    645079551750024, 
                    683759486614235, 
                    692616792050997, 
                    713913079429365, 
                    716560181678174, 
                    746357786026395, 
                    749259096937932, 
                    759054094001575, 
                    773259067359670, 
                    788064300775387, 
                    799361384812693, 
                    804014407680467, 
                    807856944227443, 
                    811087489899441, 
                    811694238917591, 
                    812121280130489, 
                    814670320983326, 
                    815925842589218, 
                    824053031355833, 
                    836077515748442, 
                    841320022318407, 
                    864646619493400, 
                    869333260452206, 
                    895915981737943, 
                    908572982341922, 
                    927595502264395, 
                    943549245424892, 
                    958631404129049, 
                    959886038255008, 
                    962576526829220, 
                    978326247484433, 
                    999537932954033, 
                    999822977844375, 
                    1006325897312797, 
                    1008217450652484, 
                    1023403007820401, 
                    1024065884065958, 
                    1027783448999815, 
                    1033700300585974, 
                    1043120316647802, 
                    1056867462307784, 
                    1070023919452473, 
                    1079940135148545, 
                    1092086258306797, 
                    1109695739738972, 
                    1137963620330434, 
                    1140643194513943, 
                    1146640781384836, 
                    1152274076573781, 
                    1216972182889521, 
                    1224279159205826, 
                    1224638179914832, 
                    1261464982630642, 
                    1261657193014529, 
                    1263188218979361, 
                    1293821342193964, 
                    1301610735310302, 
                    1309776786152208, 
                    1320772176854141, 
                    1326665637575965, 
                    1341607227994499, 
                    1357695084606731, 
                    1362375390366231, 
                    1365882521069268, 
                    1380760504922738, 
                    1397536744736972, 
                    1400008122485663, 
                    1404696439729814, 
                    1414223760247263, 
                    1437325651124406, 
                    1446851838457873, 
                    1460348149522080, 
                    1471037455329587, 
                    1474529388019281, 
                    1501945023567232, 
                    1515399267764913, 
                    1524971386020195, 
                    1528252883609002, 
                    1551693103837351, 
                    1561321635314416, 
                    1563747738648966, 
                    1572730425332277, 
                    1627286564513837, 
                    1646956917485299, 
                    1667968611457117, 
                    1692348006912592, 
                    1694572567341021, 
                    1699332174628449, 
                    1700318528948964, 
                    1707549382716355, 
                    1725300272443958, 
                    1734816503238664, 
                    1765682828551764, 
                    1768068831243440, 
                    1784571388480156, 
                    1795762008704396, 
                    1804294233280664, 
                    1804954074100557, 
                    1827866869830907, 
                    1829391217269101, 
                    1839405122272787
                ], 
                "molecule": "dna", 
                "num": 0, 
                "seed": 42
            }
        ], 
        "type": "mrnaseq", 
        "version": 0.4
    }
]