[
    {
        "class": "sourmash_signature", 
        "email": "", 
        "filename": "mircea.fa", 
        "hash_function": "0.murmur64", 
        "name": "Thermotoga_sp._RQ2", 
        "signatures": [
            {
                "ksize": 91, 
                "max_hash": 1844674407370955, 
                "md5sum": "5ce0795ddac3e7ca025d0f86388f89cc", 
                "mins": [
                    15132211631935, 
                    39425365895717, 
                    49206630958990, 
                    52575946385940, 
                    64838630105210, 
                    65055888719249, 
                    69983635352352, 
                    85636950312095, 
                    102895357607627, 
                    113444323314636, 
                    128391745237156, 
                    137502350492217, 
                    155585637458183, 
                    157183403551387, 
                    159548303552291, 
                    165630334276834, 
                    171347116460403, 
                    200067226816705, 
                    201988094178210, 
                    214468211773384, 
                    215372585244034, 
                    222278153508429, 
                    226784013152057, 
                    229042578052499, 
                    244044897693308, 
                    252489934885229, 
                    257358421500985, 
                    261188120181438, 
                    265197971470300, 
                    267281425773361, 
                    278332357546250, 
                    292158910191010, 
                    294118985709777, 
                    295399316679394, 
                    305292350317561, 
                    311968481764790, 
                    312671259660821, 
                    316363030808355, 
                    321963935038677, 
                    326534704510855, 
                    333476312611925, 
                    340851835764025, 
                    347404067571022, 
                    360503788685818, 
                    365850904262322, 
                    380789348958149, 
                    391307843650506, 
                    401070052670823, 
                    410246431759389, 
                    419064429712691, 
                    426693105935544, 
                    434279511214811, 
                    435154250236786, 
                    436204204491898, 
                    439725235760704, 
                    451098146502150, 
                    451752922125004, 
                    462790874715494, 
                    466856559420095, 
                    470727229130951, 
                    474264927458872, 
                    479567388510429, 
                    509068563884525, 
                    546992099760019, 
                    549808759545782, 
                    560419589328629, 
                    560996540064032, 
                    566062425336807, 
                    568549853099201, 
                    574143948678216, 
                    577771385690683, 
                    585320128778944, 
                    590430251898795, 
                    596477181918260, 
                    613066866266183, 
                    617648183919197, 
                    648695382609300, 
                    688517908253284, 
                    689546162273452, 
                    735313275886055, 
                    742743876226734, 
                    760200305249484, 
                    791875946838869, 
                    810526273455978, 
                    831608068113596, 
                    832411551889985, 
                    838861255743554, 
                    839282283742414, 
                    840110035288261, 
                    842612287279596, 
                    848366008133444, 
                    855992971680993, 
                    856944889797463, 
                    870870946668130, 
                    890916612770604, 
                    896047957244728, 
                    906462749266762, 
                    969880491835475, 
                    981671718411856, 
                    988183879495729, 
                    989450293357139, 
                    1019052687623400, 
                    1020191013845458, 
                    1036283582585934, 
                    1040029365246587, 
                    1049848321330054, 
                    1052445747696727, 
                    1060864636410280, 
                    1066333732949360, 
                    1073987189570861, 
                    1074964984845005, 
                    1077964981798580, 
                    1083093996637446, 
                    1107799747077938, 
                    1117551944759462, 
                    1124565161474177, 
                    1134952155633020, 
                    1138488630901419, 
                    1147483000592284, 
                    1148848645495922, 
                    1155833018665894, 
                    1180612021030902, 
                    1188346811584842, 
                    1195761479995388, 
                    1206630687431012, 
                    1208642115414516, 
                    1213880479577903, 
                    1227203282513136, 
                    1227458493877337, 
                    1227551685841322, 
                    1232274067496156, 
                    1239905464581783, 
                    1241675665257976, 
                    1242360084288911, 
                    1244749602410436, 
                    1269170473057808, 
                    1278477998575100, 
                    1279432310162130, 
                    1302291489821825, 
                    1302802663694053, 
                    1305519411638707, 
                    1322307005064418, 
                    1327806455156362, 
                    1330387643636713, 
                    1356208814893873, 
                    1380711430897478, 
                    1380967824321572, 
                    1389155658309392, 
                    1417271484252406, 
                    1434950732330537, 
                    1454765039515445, 
                    1460165146741854, 
                    1467544723295666, 
                    1483179622275988, 
                    1486925180161820, 
                    1494231092045555, 
                    1505137842496705, 
                    1518790427437800, 
                    1533012211839973, 
                    1545356005100760, 
                    1555579311748076, 
                    1573148249774698, 
                    1574516216768189, 
                    1575536180734334, 
                    1582338585365079, 
                    1604359755501435, 
                    1604800907563934, 
                    1625682188614233, 
                    1627276671141573, 
                    1629941876136810, 
                    1633809935709426, 
                    1633946081620848, 
                    1634179785389887, 
                    1639487213282415, 
                    1642061744366326, 
                    1644556521933307, 
                    1647226674254815, 
                    1670182304295894, 
                    1672444321931623, 
                    1686402696869287, 
                    1708203461105557, 
                    1710485330801351, 
                    1713310662713687, 
                    1750966896346883, 
                    1752829488637333, 
                    1765594884820133, 
                    1777382585750589, 
                    1779881321966216, 
                    1792641076237158, 
                    1794182280650590, 
                    1808677109512620, 
                    1809239589791456, 
                    1820197364013941, 
                    1822640619978055, 
                    1823668693612882, 
                    1830633706704259, 
                    1834996267687446, 
                    1839339017375151, 
                    1843937833975486
                ], 
                "molecule": "dna", 
                "num": 0, 
                "seed": 42
            }
        ], 
        "type": "mrnaseq", 
        "version": 0.4
    }, 
    {
        "class": "sourmash_signature", 
        "email": "", 
        "filename": "mircea.fa", 
        "hash_function": "0.murmur64", 
        "name": "Thermotoga_petrophila_RKU-1", 
        "signatures": [
            {
                "ksize": 91, 
                "max_hash": 1844674407370955, 
                "md5sum": "3d01f7bc4c59f8da04dd41349826e97e", 
                "mins": [
                    4660700746534, 
                    15924336205194, 
                    34808058401695, 
                    39425365895717, 
                    41980328810021, 
                    49206630958990, 
                    65055888719249, 
                    67638887794861, 
                    67767448248316, 
                    69983635352352, 
                    78939942313872, 
                    95542751380513, 
                    101610767277150, 
                    102895357607627, 
                    113444323314636, 
                    141911833721170, 
                    155585637458183, 
                    157183403551387, 
                    165630334276834, 
                    180353294773245, 
                    196214229926365, 
                    201988094178210, 
                    215372585244034, 
                    226784013152057, 
                    244044897693308, 
                    245293825135571, 
                    252489934885229, 
                    257358421500985, 
                    261188120181438, 
                    262664883880799, 
                    267281425773361, 
                    283413487009987, 
                    294118985709777, 
                    295399316679394, 
                    302106959685793, 
                    321963935038677, 
                    322659249860780, 
                    326534704510855, 
                    340851835764025, 
                    341199725029545, 
                    356511129414307, 
                    374026431362125, 
                    380789348958149, 
                    401070052670823, 
                    410246431759389, 
                    419064429712691, 
                    422263080065670, 
                    426693105935544, 
                    429182717556531, 
                    432197611455168, 
                    434279511214811, 
                    435154250236786, 
                    456260216519729, 
                    456919237332078, 
                    462528721756975, 
                    466856559420095, 
                    478263831984275, 
                    482167945327951, 
                    482638277852166, 
                    485216206006138, 
                    509068563884525, 
                    513553273802597, 
                    533958376372950, 
                    556652754572078, 
                    560419589328629, 
                    566062425336807, 
                    582685074350626, 
                    590430251898795, 
                    596477181918260, 
                    613066866266183, 
                    617648183919197, 
                    639718236146796, 
                    646693880662703, 
                    647632702353375, 
                    647825987159152, 
                    648234284994791, 
                    653003258109812, 
                    657264874852782, 
                    680731521092850, 
                    682505121085252, 
                    687094745175298, 
                    689546162273452, 
                    693258982184420, 
                    712180227456078, 
                    742743876226734, 
                    745418462047665, 
                    755960584129457, 
                    760200305249484, 
                    760778497270199, 
                    771046225222675, 
                    791875946838869, 
                    792982053240056, 
                    794446050743801, 
                    796275321673045, 
                    796531528499472, 
                    797129479368934, 
                    799476822693373, 
                    810526273455978, 
                    838314366044231, 
                    839282283742414, 
                    840904019258040, 
                    842612287279596, 
                    844455692748800, 
                    853530170919712, 
                    855992971680993, 
                    856944889797463, 
                    877623267730371, 
                    896329253816611, 
                    903258070416594, 
                    917419366413798, 
                    925463425011421, 
                    938511817571931, 
                    947355930665402, 
                    958674453100277, 
                    969880491835475, 
                    971175907958825, 
                    972250397710583, 
                    989450293357139, 
                    1004392686956920, 
                    1019162787444666, 
                    1020191013845458, 
                    1024477895333768, 
                    1036283582585934, 
                    1041773737900896, 
                    1048853602940676, 
                    1049848321330054, 
                    1057350004594053, 
                    1058211233842773, 
                    1085833817467554, 
                    1097829858785763, 
                    1123587342425123, 
                    1124565161474177, 
                    1131567427746114, 
                    1132652830277358, 
                    1133906224998974, 
                    1138488630901419, 
                    1178536256344405, 
                    1187002812070257, 
                    1188346811584842, 
                    1198743661829847, 
                    1203721064805413, 
                    1203821287836767, 
                    1218830183778086, 
                    1244749602410436, 
                    1250019605709817, 
                    1252005478986818, 
                    1258954473352112, 
                    1268467588393339, 
                    1279432310162130, 
                    1292207557744076, 
                    1302291489821825, 
                    1302802663694053, 
                    1322307005064418, 
                    1327806455156362, 
                    1361475986112705, 
                    1369603318277844, 
                    1389155658309392, 
                    1417271484252406, 
                    1430611244916347, 
                    1441686776934490, 
                    1442339330803081, 
                    1457192454780347, 
                    1467544723295666, 
                    1484913774177379, 
                    1494231092045555, 
                    1505137842496705, 
                    1533012211839973, 
                    1545356005100760, 
                    1551775043121471, 
                    1553938689602617, 
                    1573148249774698, 
                    1582338585365079, 
                    1584673154450282, 
                    1590887535314150, 
                    1601081667815709, 
                    1604359755501435, 
                    1604800907563934, 
                    1608782065123725, 
                    1619109737733711, 
                    1625682188614233, 
                    1629941876136810, 
                    1633809935709426, 
                    1634179785389887, 
                    1639487213282415, 
                    1644556521933307, 
                    1647226674254815, 
                    1657962276024652, 
                    1686402696869287, 
                    1688069037486053, 
                    1693771525940762, 
                    1694725733178806, 
                    1710485330801351, 
                    1711889754889683, 
                    1737483281661343, 
                    1737680032310730, 
                    1743280172635264, 
                    1753517407678670, 
                    1756451852734592, 
                    1777382585750589, 
                    1787245775164074, 
                    1792641076237158, 
                    1809081801822903, 
                    1810120350785612, 
                    1820197364013941, 
                    1825210923731060, 
                    1830633706704259, 
                    1833446432655190, 
                    1843937833975486
                ], 
                "molecule": "dna", 
                "num": 0, 
                "seed": 42
            }
        ], 
        "type": "mrnaseq", 
        "version": 0.4
    }
]