[
    {
        "class": "sourmash_signature", 
        "email": "", 
        "filename": "mircea.fa", 
        "hash_function": "0.murmur64", 
        "name": "Thermotoga_sp._RQ2", 
        "signatures": [
            {
                "ksize": 61, 
                "max_hash": 1844674407370955, 
                "md5sum": "bf6512edc13412bc847b77c96e7a3798", 
                "mins": [
                    10158330990659, 
                    21197995705198, 
                    21923135507595, 
                    27356983014306, 
                    29311552162761, 
                    30060022207171, 
                    37026284053090, 
                    37666703738442, 
                    38710313232332, 
                    71021533276081, 
                    71774312577510, 
                    100511685610625, 
                    127804454300655, 
                    148772584365303, 
                    150867918332150, 
                    152652269728936, 
                    156508452687407, 
                    157121371802235, 
                    158660353619018, 
                    170227294395232, 
                    192047269833477, 
                    195840519228252, 
                    204772439643437, 
                    214740085072134, 
                    215573990561810, 
                    226981903888222, 
                    234128252508790, 
                    236595174358715, 
                    247632117180902, 
                    262569007971214, 
                    275288979473677, 
                    295697571336799, 
                    296062171575593, 
                    297554582369780, 
                    305740460479810, 
                    307458917962643, 
                    308392271626695, 
                    314567165352237, 
                    315134856327164, 
                    331209159386876, 
                    332094761718750, 
                    352630088619629, 
                    364171486057222, 
                    368049036218758, 
                    370829839333084, 
                    378137377002619, 
                    379934490963382, 
                    385700723176230, 
                    396493875638471, 
                    417860029387594, 
                    432526057523855, 
                    434102958536727, 
                    436239772452299, 
                    454480333719353, 
                    456916586778128, 
                    458352286898793, 
                    459605704558685, 
                    462371708805149, 
                    464153438476849, 
                    469213945502496, 
                    475446469375239, 
                    480473817251344, 
                    498737214065477, 
                    504163527326709, 
                    514061032684527, 
                    526086718881268, 
                    528152500515051, 
                    544087947551103, 
                    547353582451764, 
                    549450862295357, 
                    559084436142056, 
                    585525523394289, 
                    591032947386736, 
                    591690780722638, 
                    592935377905264, 
                    598297651493607, 
                    602052465272738, 
                    613143765810173, 
                    626324983903505, 
                    636369441537590, 
                    638948763219710, 
                    641800895529162, 
                    656733716235249, 
                    664710878245240, 
                    668161975839313, 
                    671798615469127, 
                    681043363459235, 
                    682840321815396, 
                    720875845844713, 
                    730096553170145, 
                    741939666194978, 
                    743111480176778, 
                    743710347329307, 
                    767273872772599, 
                    768595711594370, 
                    777912083957917, 
                    778640826367975, 
                    791236599468490, 
                    796458199346023, 
                    803813799772301, 
                    820187079113481, 
                    820299797520586, 
                    856022720979349, 
                    887460464573228, 
                    890307608366500, 
                    920271320083865, 
                    921533427405544, 
                    959989090843882, 
                    971311212072661, 
                    987722592078644, 
                    1008093470357256, 
                    1008797386223833, 
                    1013048716747407, 
                    1021547473269745, 
                    1022136287800443, 
                    1022144861757753, 
                    1040772724566302, 
                    1057414746566731, 
                    1059649085273395, 
                    1060312211752531, 
                    1063144914825291, 
                    1087473553582355, 
                    1093885413370404, 
                    1095956965966169, 
                    1111383952674924, 
                    1112893431009707, 
                    1141770126126986, 
                    1143049890979000, 
                    1189799571362848, 
                    1192910838845745, 
                    1214014586797671, 
                    1221778610639522, 
                    1229363298632176, 
                    1238919938642668, 
                    1248356937748404, 
                    1262247918098623, 
                    1262987808738040, 
                    1299182822312653, 
                    1303656594564799, 
                    1312292330678799, 
                    1312941615298865, 
                    1313042318049574, 
                    1319004530711993, 
                    1323462886268352, 
                    1337382584805211, 
                    1344024276441061, 
                    1345612295232681, 
                    1352895845564327, 
                    1388027237855593, 
                    1395035525145898, 
                    1400647148419485, 
                    1401392465517034, 
                    1402257027245207, 
                    1403689769121065, 
                    1409496614085017, 
                    1409835915625290, 
                    1412763108949175, 
                    1420862246437660, 
                    1426060491625021, 
                    1429185668888993, 
                    1430432980992048, 
                    1438578012407034, 
                    1445107520953767, 
                    1450509529774923, 
                    1462923499112233, 
                    1464896619821037, 
                    1466807836476462, 
                    1476670309625249, 
                    1482018048964379, 
                    1485438529518095, 
                    1486974361513431, 
                    1490155734129063, 
                    1509778086689800, 
                    1525826429602155, 
                    1537356542927278, 
                    1546429708495352, 
                    1547728872222730, 
                    1547998112489101, 
                    1554338496340049, 
                    1563172483208034, 
                    1582790066480155, 
                    1587069427025073, 
                    1606103017153986, 
                    1607996031287611, 
                    1611357235180749, 
                    1617706563381231, 
                    1630031523376171, 
                    1639686861957009, 
                    1643858531492299, 
                    1670156071201778, 
                    1674977753477182, 
                    1678136905390320, 
                    1681058033134503, 
                    1693849674495489, 
                    1694752284704258, 
                    1702969633295773, 
                    1708825797827237, 
                    1727864566191975, 
                    1733196776547843, 
                    1735762748970765, 
                    1736163766330408, 
                    1765338473534420, 
                    1773466106262857, 
                    1773922496215397, 
                    1775997418657988, 
                    1781104986058854, 
                    1804755605472321, 
                    1820640445837265, 
                    1827605155704025, 
                    1836877119356691
                ], 
                "molecule": "dna", 
                "num": 0, 
                "seed": 42
            }
        ], 
        "type": "mrnaseq", 
        "version": 0.4
    }, 
    {
        "class": "sourmash_signature", 
        "email": "", 
        "filename": "mircea.fa", 
        "hash_function": "0.murmur64", 
        "name": "Thermotoga_petrophila_RKU-1", 
        "signatures": [
            {
                "ksize": 61, 
                "max_hash": 1844674407370955, 
                "md5sum": "697ffc3c1a93b2876c096e1b632f718a", 
                "mins": [
                    3614735380082, 
                    21197995705198, 
                    22045190336082, 
                    27356983014306, 
                    29311552162761, 
                    30060022207171, 
                    64910574214793, 
                    95608880636680, 
                    100511685610625, 
                    145510497401166, 
                    156508452687407, 
                    161970084642311, 
                    170227294395232, 
                    184973300925552, 
                    186221729462138, 
                    190469758333643, 
                    204772439643437, 
                    208622624322675, 
                    215573990561810, 
                    227392340661278, 
                    230574202886162, 
                    234128252508790, 
                    236595174358715, 
                    247632117180902, 
                    252509492275257, 
                    266003227361252, 
                    275547510028675, 
                    286615811310052, 
                    295697571336799, 
                    296062171575593, 
                    314567165352237, 
                    315134856327164, 
                    321037317249050, 
                    331209159386876, 
                    343189946244014, 
                    364171486057222, 
                    365059484985075, 
                    368049036218758, 
                    370829839333084, 
                    378137377002619, 
                    385700723176230, 
                    386107165871996, 
                    395723645879051, 
                    396493875638471, 
                    415566161404205, 
                    417860029387594, 
                    427378307941454, 
                    459605704558685, 
                    462371708805149, 
                    464153438476849, 
                    465815673007424, 
                    494279670462289, 
                    504163527326709, 
                    510917382884722, 
                    511133721278917, 
                    528152500515051, 
                    537244903638959, 
                    544087947551103, 
                    549450862295357, 
                    560614226806924, 
                    591690780722638, 
                    592935377905264, 
                    617455426274753, 
                    626690537324963, 
                    638012741894415, 
                    641800895529162, 
                    651850930050951, 
                    665359234319832, 
                    669645739412267, 
                    677543827124376, 
                    680575581072272, 
                    681043363459235, 
                    682733347103270, 
                    687440871033976, 
                    694907785441148, 
                    712501516575323, 
                    720875845844713, 
                    743111480176778, 
                    743710347329307, 
                    764914330933271, 
                    767273872772599, 
                    768706245800408, 
                    796458199346023, 
                    803813799772301, 
                    815971700777110, 
                    822764434012031, 
                    844308268894148, 
                    847850385889586, 
                    890307608366500, 
                    899035129481662, 
                    904162033690685, 
                    911226806828720, 
                    920271320083865, 
                    921533427405544, 
                    941443401518803, 
                    952338120895108, 
                    952434655992100, 
                    959989090843882, 
                    983169379169966, 
                    985871434102249, 
                    987722592078644, 
                    989701620119278, 
                    1000596565867899, 
                    1008093470357256, 
                    1008797386223833, 
                    1013048716747407, 
                    1015895079646302, 
                    1022136287800443, 
                    1022144861757753, 
                    1026186998989000, 
                    1040772724566302, 
                    1057414746566731, 
                    1057495763696871, 
                    1057894747333620, 
                    1059649085273395, 
                    1060312211752531, 
                    1062426184524327, 
                    1063068175458244, 
                    1063144914825291, 
                    1077383022572581, 
                    1093885413370404, 
                    1095956965966169, 
                    1111383952674924, 
                    1141770126126986, 
                    1143049890979000, 
                    1144743780118004, 
                    1166501365031900, 
                    1180992922869543, 
                    1189799571362848, 
                    1192694604510842, 
                    1192910838845745, 
                    1209383591307521, 
                    1221778610639522, 
                    1233602069157206, 
                    1238919938642668, 
                    1255083947548250, 
                    1303073358189632, 
                    1312941615298865, 
                    1313042318049574, 
                    1319004530711993, 
                    1337382584805211, 
                    1345612295232681, 
                    1352895845564327, 
                    1402257027245207, 
                    1409496614085017, 
                    1409835915625290, 
                    1411464182501811, 
                    1411537196890324, 
                    1412763108949175, 
                    1414808016642177, 
                    1420862246437660, 
                    1430193792981055, 
                    1449368094896773, 
                    1461480620326032, 
                    1462923499112233, 
                    1467024031504226, 
                    1482018048964379, 
                    1485438529518095, 
                    1490155734129063, 
                    1493950975259932, 
                    1537356542927278, 
                    1543155333474383, 
                    1545429484552065, 
                    1546429708495352, 
                    1547998112489101, 
                    1554338496340049, 
                    1563172483208034, 
                    1578071972920526, 
                    1582790066480155, 
                    1587069427025073, 
                    1592237821048054, 
                    1611357235180749, 
                    1639686861957009, 
                    1647766444542221, 
                    1657149602879900, 
                    1674977753477182, 
                    1675823537169750, 
                    1676502297861333, 
                    1681058033134503, 
                    1693849674495489, 
                    1730981802620354, 
                    1733196776547843, 
                    1736163766330408, 
                    1736645853027669, 
                    1765338473534420, 
                    1773466106262857, 
                    1781104986058854, 
                    1803438915132558, 
                    1804755605472321, 
                    1820640445837265, 
                    1836877119356691
                ], 
                "molecule": "dna", 
                "num": 0, 
                "seed": 42
            }
        ], 
        "type": "mrnaseq", 
        "version": 0.4
    }
]