[
    {
        "class": "sourmash_signature", 
        "email": "", 
        "filename": "mircea.fa", 
        "hash_function": "0.murmur64", 
        "name": "Thermotoga_sp._RQ2", 
        "signatures": [
            {
                "ksize": 71, 
                "max_hash": 1844674407370955, 
                "md5sum": "9dd573daea32328089ef8e500b53d6cc", 
                "mins": [
                    14600343354078, 
                    18170280908178, 
                    22016937064575, 
                    28638252354172, 
                    45197893631019, 
                    53187110991898, 
                    61140195755010, 
                    61886967260739, 
                    71655696273309, 
                    74252645825772, 
                    76239960175666, 
                    90534831395695, 
                    96976286912379, 
                    118546750023201, 
                    146459173253119, 
                    152478084897194, 
                    153282271025382, 
                    166165840486320, 
                    173130484563791, 
                    180552403824191, 
                    186327086088200, 
                    187755503403502, 
                    201026581453353, 
                    203382702927580, 
                    205646816497862, 
                    207326768319638, 
                    226629550396543, 
                    231457968741768, 
                    233567303399070, 
                    234158818070244, 
                    254140097238832, 
                    261934044769035, 
                    286896656306431, 
                    293238690528566, 
                    311761026053474, 
                    327742862507493, 
                    345986809959859, 
                    362259681834039, 
                    362330009025707, 
                    372602588706280, 
                    374005535219294, 
                    376306956528476, 
                    379147003387646, 
                    390192615312333, 
                    395292076722889, 
                    401540378478868, 
                    401784551959622, 
                    412349104713008, 
                    418130308528709, 
                    421741493699685, 
                    455448180343503, 
                    457492573168527, 
                    472659367637561, 
                    491607173604064, 
                    492906994801806, 
                    494814692095907, 
                    495090442176215, 
                    501002594332823, 
                    515737505682586, 
                    515785107080923, 
                    534583852814871, 
                    538975111191034, 
                    555427284834084, 
                    568368184820038, 
                    577258903872161, 
                    579090151299938, 
                    614468925154320, 
                    633890822150750, 
                    650715944081077, 
                    668881786677766, 
                    678786613151631, 
                    680538362255280, 
                    684547613933733, 
                    686770414959990, 
                    688645436803751, 
                    689886653712014, 
                    708604711517211, 
                    714078974160050, 
                    714974086492209, 
                    715359921799639, 
                    726728466973353, 
                    732040908418496, 
                    739047701540230, 
                    753442895942221, 
                    758284795273915, 
                    778650249351386, 
                    799358244130147, 
                    800309157013891, 
                    804847006604715, 
                    805952105306677, 
                    810481224257384, 
                    816129247467913, 
                    835583997781701, 
                    877848981886230, 
                    888291898716987, 
                    894825392447555, 
                    898273156383110, 
                    903295063350710, 
                    908786872594102, 
                    917983488859027, 
                    921913608317781, 
                    922186531481583, 
                    932405390501288, 
                    944812916503881, 
                    945680819913537, 
                    971827204804758, 
                    974309324582062, 
                    977212709034492, 
                    987846036344509, 
                    989952111977926, 
                    995875767088060, 
                    1000489935419919, 
                    1005641730186177, 
                    1006467094389589, 
                    1031360925898493, 
                    1032707092714831, 
                    1045544087470467, 
                    1064581674983105, 
                    1064911117663021, 
                    1066653044207637, 
                    1078638182433032, 
                    1116856124968681, 
                    1118643926055599, 
                    1165314322238682, 
                    1166905746081114, 
                    1171332506308824, 
                    1198553756633828, 
                    1199488011257689, 
                    1210963854069390, 
                    1219103561994873, 
                    1228717468923358, 
                    1235242951778737, 
                    1247099435688364, 
                    1247556145330777, 
                    1250047344379222, 
                    1253102508559565, 
                    1260878536835135, 
                    1275845670896226, 
                    1280925702931449, 
                    1301681547863360, 
                    1305838326814735, 
                    1307388494794868, 
                    1309544845826710, 
                    1312596372804926, 
                    1319838506748909, 
                    1326522356960935, 
                    1336592301671522, 
                    1338345014677764, 
                    1365161693659219, 
                    1366609020483102, 
                    1382144460602612, 
                    1391010175663295, 
                    1392751837142707, 
                    1410201307755909, 
                    1413716560185986, 
                    1420658817861207, 
                    1467624021828909, 
                    1479563723104023, 
                    1506421969940155, 
                    1514750806278024, 
                    1515507686834319, 
                    1526690212291216, 
                    1534276381563467, 
                    1553487085971165, 
                    1559820736536984, 
                    1587163878430604, 
                    1589484845779631, 
                    1601386016651506, 
                    1610467146740290, 
                    1637435841578399, 
                    1639178164310155, 
                    1643845865156429, 
                    1647639222100296, 
                    1664672195639565, 
                    1674650794508412, 
                    1678722235834305, 
                    1691204814898725, 
                    1694509632542823, 
                    1697413389535156, 
                    1699358975673133, 
                    1702996889947331, 
                    1703851498004411, 
                    1706308990737403, 
                    1710541731419287, 
                    1755601787841329, 
                    1762552045085165, 
                    1764285985037362, 
                    1766154915531939, 
                    1767854154543737, 
                    1768131480343986, 
                    1769000097965270, 
                    1774845137675733, 
                    1775323100800620, 
                    1785830313283360, 
                    1790957467043913, 
                    1793498993545044, 
                    1809270176816154, 
                    1839915494414223
                ], 
                "molecule": "dna", 
                "num": 0, 
                "seed": 42
            }
        ], 
        "type": "mrnaseq", 
        "version": 0.4
    }, 
    {
        "class": "sourmash_signature", 
        "email": "", 
        "filename": "mircea.fa", 
        "hash_function": "0.murmur64", 
        "name": "Thermotoga_petrophila_RKU-1", 
        "signatures": [
            {
                "ksize": 71, 
                "max_hash": 1844674407370955, 
                "md5sum": "4f7e50c4546208830db375c45eabd904", 
                "mins": [
                    6754208114575, 
                    28638252354172, 
                    45197893631019, 
                    53187110991898, 
                    55767699285143, 
                    60875560723602, 
                    61140195755010, 
                    71655696273309, 
                    85113284390899, 
                    91297387647939, 
                    96976286912379, 
                    107472694491044, 
                    123389331954794, 
                    146459173253119, 
                    148178286157370, 
                    152478084897194, 
                    154523287977881, 
                    154626458183995, 
                    157493465647495, 
                    166165840486320, 
                    168781939672983, 
                    173130484563791, 
                    201026581453353, 
                    207326768319638, 
                    231457968741768, 
                    233567303399070, 
                    234762019194756, 
                    261934044769035, 
                    268019281952350, 
                    287758677473679, 
                    312366685520961, 
                    324952167968922, 
                    327742862507493, 
                    330020080719862, 
                    345008567427016, 
                    345986809959859, 
                    372602588706280, 
                    374005535219294, 
                    376306956528476, 
                    379147003387646, 
                    395292076722889, 
                    401540378478868, 
                    401784551959622, 
                    404155361669816, 
                    405431564010391, 
                    430334668525290, 
                    434502883735010, 
                    445737966952393, 
                    454029923841202, 
                    472659367637561, 
                    491607173604064, 
                    492906994801806, 
                    495090442176215, 
                    534583852814871, 
                    568368184820038, 
                    569558244780380, 
                    579090151299938, 
                    621455309822489, 
                    647934153774011, 
                    650715944081077, 
                    661830906037586, 
                    662451545060894, 
                    678786613151631, 
                    681604576583449, 
                    684547613933733, 
                    685729784154482, 
                    686770414959990, 
                    688034128933977, 
                    688645436803751, 
                    689886653712014, 
                    700152176329541, 
                    712868144163206, 
                    717547103863629, 
                    728256736736262, 
                    732040908418496, 
                    759257524348013, 
                    778650249351386, 
                    785214169578462, 
                    794513632881608, 
                    800309157013891, 
                    801448470172139, 
                    804847006604715, 
                    805952105306677, 
                    810968803132146, 
                    822835929336165, 
                    835583997781701, 
                    846020809183239, 
                    852016840509393, 
                    873229181486877, 
                    877848981886230, 
                    888291898716987, 
                    890674272690946, 
                    898273156383110, 
                    901791782409331, 
                    903295063350710, 
                    908786872594102, 
                    917983488859027, 
                    921913608317781, 
                    922186531481583, 
                    923035291472279, 
                    951532234282629, 
                    956904119965857, 
                    977212709034492, 
                    977311575289911, 
                    978318404076684, 
                    987846036344509, 
                    989952111977926, 
                    1005641730186177, 
                    1020270626416944, 
                    1031360925898493, 
                    1032423655265881, 
                    1045544087470467, 
                    1066325440769388, 
                    1078638182433032, 
                    1097825111650551, 
                    1116612082027954, 
                    1116856124968681, 
                    1118643926055599, 
                    1122158832336683, 
                    1128587185188622, 
                    1131014541810638, 
                    1131914438376040, 
                    1163853717982318, 
                    1171332506308824, 
                    1210963854069390, 
                    1219103561994873, 
                    1228717468923358, 
                    1230529095299091, 
                    1240381984595834, 
                    1250047344379222, 
                    1252048156839492, 
                    1268454111949109, 
                    1268959355465253, 
                    1274969789024205, 
                    1275845670896226, 
                    1284880280247710, 
                    1287715519617386, 
                    1301681547863360, 
                    1305838326814735, 
                    1309544845826710, 
                    1312959965998333, 
                    1326522356960935, 
                    1331738097079843, 
                    1336592301671522, 
                    1340261111539095, 
                    1344385910478754, 
                    1347815994103827, 
                    1352960012534106, 
                    1382144460602612, 
                    1413716560185986, 
                    1420658817861207, 
                    1447108655850155, 
                    1449964261157599, 
                    1467624021828909, 
                    1480826673308184, 
                    1485135350569211, 
                    1514750806278024, 
                    1515507686834319, 
                    1526690212291216, 
                    1545797183635743, 
                    1553487085971165, 
                    1558303691495348, 
                    1582833893846772, 
                    1589957379389822, 
                    1598597910980425, 
                    1633125196096139, 
                    1651047532470179, 
                    1674650794508412, 
                    1678722235834305, 
                    1694509632542823, 
                    1702996889947331, 
                    1747500968092391, 
                    1755601787841329, 
                    1766154915531939, 
                    1774845137675733, 
                    1793498993545044, 
                    1794264148790387, 
                    1798667261285915, 
                    1812433110093085, 
                    1835215179689699, 
                    1839844022107997, 
                    1839915494414223
                ], 
                "molecule": "dna", 
                "num": 0, 
                "seed": 42
            }
        ], 
        "type": "mrnaseq", 
        "version": 0.4
    }
]