[
    {
        "class": "sourmash_signature", 
        "email": "", 
        "filename": "mircea.fa", 
        "hash_function": "0.murmur64", 
        "name": "Thermotoga_sp._RQ2", 
        "signatures": [
            {
                "ksize": 31, 
                "max_hash": 1844674407370955, 
                "md5sum": "cdcd164aa4bf4b09f75831ff78afe137", 
                "mins": [
                    8088009881927, 
                    17143536457232, 
                    19574588155613, 
                    29604200873914, 
                    31241563271511, 
                    40633283426380, 
                    60663306272206, 
                    76107681653812, 
                    119043964790990, 
                    120049815050918, 
                    149721048109529, 
                    181262633744602, 
                    190372100295550, 
                    199057363777264, 
                    216426438562954, 
                    227028131559098, 
                    239196033221255, 
                    255753394852798, 
                    256057267510420, 
                    274394466574155, 
                    285477563762489, 
                    292345939575703, 
                    300711044882826, 
                    303336841600692, 
                    303643034679759, 
                    338120633357642, 
                    343018370802946, 
                    343593735072784, 
                    355891448433315, 
                    370822162223378, 
                    375630362959206, 
                    391862655305799, 
                    405425332697082, 
                    412774584386292, 
                    423154828110202, 
                    454777179964258, 
                    455696039576468, 
                    458336831153629, 
                    477912050435844, 
                    488302780947240, 
                    493012108176754, 
                    493068359187153, 
                    494407986015365, 
                    510318447747672, 
                    516413282491555, 
                    545240240673678, 
                    556994973744836, 
                    571379855671772, 
                    590985401500852, 
                    601310879507311, 
                    613977791799131, 
                    614863161345052, 
                    616199439920495, 
                    643359980503870, 
                    645536048930355, 
                    651866594654296, 
                    658977588972202, 
                    664601579267860, 
                    670587370830072, 
                    675288320761659, 
                    690662899049945, 
                    694332737646388, 
                    710758383820188, 
                    714118036530940, 
                    714449324510566, 
                    728724655819332, 
                    743855546429854, 
                    756117967923130, 
                    762474167658910, 
                    763207136323421, 
                    781667299541644, 
                    787788269287299, 
                    788293181588701, 
                    803696236682653, 
                    805850091513351, 
                    840644410519268, 
                    843364339778779, 
                    846639236668158, 
                    848997685711439, 
                    856632900996034, 
                    868823148587341, 
                    881646008647738, 
                    881763165241405, 
                    883222730696857, 
                    885565941989267, 
                    899503513846050, 
                    906102735817747, 
                    914580695032778, 
                    921144845649975, 
                    923922572368979, 
                    924369536701986, 
                    931963728292911, 
                    936507676645716, 
                    955211261706880, 
                    967534771767320, 
                    969653517302109, 
                    979728310527390, 
                    986036382121781, 
                    988523304820587, 
                    1002938853334806, 
                    1004850416185466, 
                    1022139139005334, 
                    1024565165637913, 
                    1030343705860507, 
                    1033110196231152, 
                    1069943893950310, 
                    1072067116983402, 
                    1078618103594074, 
                    1085248728768643, 
                    1090879919898648, 
                    1093230347806330, 
                    1107584862088378, 
                    1136942279706783, 
                    1137037682435992, 
                    1139735109744985, 
                    1141810503596751, 
                    1142680753004794, 
                    1143061539505759, 
                    1145890836614228, 
                    1165383812105450, 
                    1169605688775728, 
                    1190260056762430, 
                    1190591480586323, 
                    1192494567753600, 
                    1196223868622807, 
                    1206558689245757, 
                    1270428496265716, 
                    1300828104426850, 
                    1304154004580901, 
                    1320562829114895, 
                    1337819155978120, 
                    1341753861213275, 
                    1353332495427551, 
                    1354017709925851, 
                    1369179398589447, 
                    1420192436768647, 
                    1443017522057135, 
                    1457626495533710, 
                    1459708023502988, 
                    1470954901093854, 
                    1484957475098553, 
                    1496625485797454, 
                    1500764205807801, 
                    1506536414105889, 
                    1511393673684288, 
                    1514568093012703, 
                    1515583200764026, 
                    1519666570554402, 
                    1538637962563207, 
                    1541709667314643, 
                    1548343252793000, 
                    1561042286744962, 
                    1575717355506817, 
                    1576048116500460, 
                    1584768143213801, 
                    1603307483986948, 
                    1605130797404799, 
                    1606795179576841, 
                    1614288464573059, 
                    1630144024573500, 
                    1646010478841778, 
                    1677791534300203, 
                    1686829037260948, 
                    1689780559467237, 
                    1690985478786810, 
                    1696765101666053, 
                    1696817151969382, 
                    1704985140085951, 
                    1715686249647963, 
                    1726386043169741, 
                    1740641616678724, 
                    1757295294042779, 
                    1761555117978910, 
                    1767845473310160, 
                    1770455213004851, 
                    1787107108987378, 
                    1795981008020638, 
                    1796407152196335, 
                    1806362596242348, 
                    1808769234019018, 
                    1817349254408654, 
                    1832626127327677, 
                    1841840184730702
                ], 
                "molecule": "dna", 
                "num": 0, 
                "seed": 42
            }
        ], 
        "type": "mrnaseq", 
        "version": 0.4
    }, 
    {
        "class": "sourmash_signature", 
        "email": "", 
        "filename": "mircea.fa", 
        "hash_function": "0.murmur64", 
        "name": "Thermotoga_petrophila_RKU-1", 
        "signatures": [
            {
                "ksize": 31, 
                "max_hash": 1844674407370955, 
                "md5sum": "50d8efd580ff2000cb38d1f8cc9cf9b4", 
                "mins": [
                    2122493002959, 
                    2250867805566, 
                    8088009881927, 
                    12402283406579, 
                    21518059297888, 
                    27474744396827, 
                    29248481174613, 
                    60663306272206, 
                    69601166613634, 
                    72600410601659, 
                    76107681653812, 
                    78402766719639, 
                    92748680830285, 
                    114301764641368, 
                    139769073308366, 
                    149721048109529, 
                    181262633744602, 
                    190372100295550, 
                    195619822677524, 
                    199686156598008, 
                    216426438562954, 
                    227028131559098, 
                    227030160272510, 
                    255753394852798, 
                    269074049503249, 
                    284820090233105, 
                    285477563762489, 
                    292345939575703, 
                    300711044882826, 
                    303336841600692, 
                    338120633357642, 
                    343018370802946, 
                    347413277644650, 
                    355891448433315, 
                    370822162223378, 
                    372216779281566, 
                    375698960762854, 
                    391862655305799, 
                    405425332697082, 
                    412774584386292, 
                    423154828110202, 
                    424223693486275, 
                    444401368274173, 
                    458155466884231, 
                    458336831153629, 
                    487592510871893, 
                    488302780947240, 
                    510956671098428, 
                    516413282491555, 
                    545240240673678, 
                    548758449403503, 
                    571379855671772, 
                    593002194234295, 
                    601310879507311, 
                    613977791799131, 
                    616199439920495, 
                    643359980503870, 
                    645536048930355, 
                    650898885388200, 
                    651866594654296, 
                    658977588972202, 
                    664601579267860, 
                    664657731334966, 
                    665625514492899, 
                    666079809920037, 
                    670587370830072, 
                    675288320761659, 
                    690662899049945, 
                    694332737646388, 
                    703586616090885, 
                    710758383820188, 
                    713380115454288, 
                    714434957278670, 
                    728724655819332, 
                    752161430147638, 
                    756117967923130, 
                    762474167658910, 
                    763207136323421, 
                    765957984298563, 
                    779442035398420, 
                    781667299541644, 
                    787788269287299, 
                    789223524818376, 
                    805850091513351, 
                    841474828794653, 
                    843364339778779, 
                    846639236668158, 
                    856632900996034, 
                    867112586527299, 
                    875738799008181, 
                    878262845520429, 
                    883222730696857, 
                    885565941989267, 
                    899503513846050, 
                    921144845649975, 
                    923922572368979, 
                    926864638502127, 
                    931963728292911, 
                    935944060256677, 
                    955211261706880, 
                    962749501087268, 
                    967534771767320, 
                    969653517302109, 
                    986036382121781, 
                    988523304820587, 
                    1002938853334806, 
                    1009482662245354, 
                    1017126875817041, 
                    1018654617695346, 
                    1022139139005334, 
                    1030343705860507, 
                    1033110196231152, 
                    1039921214401217, 
                    1051882742105257, 
                    1064179152996714, 
                    1069943893950310, 
                    1072067116983402, 
                    1078618103594074, 
                    1090879919898648, 
                    1094320441447063, 
                    1099430406466674, 
                    1107584862088378, 
                    1137037682435992, 
                    1139735109744985, 
                    1141810503596751, 
                    1143061539505759, 
                    1169605688775728, 
                    1178093176072682, 
                    1192494567753600, 
                    1213223089415809, 
                    1250765406491632, 
                    1300828104426850, 
                    1320562829114895, 
                    1331313718539342, 
                    1332945416515516, 
                    1334032879572286, 
                    1341753861213275, 
                    1387907220049541, 
                    1391604414096289, 
                    1420192436768647, 
                    1425890626513855, 
                    1427878600795288, 
                    1429875587832845, 
                    1443017522057135, 
                    1455570091794997, 
                    1457626495533710, 
                    1459708023502988, 
                    1485774678218249, 
                    1497003679580422, 
                    1514568093012703, 
                    1515583200764026, 
                    1519666570554402, 
                    1535986680363122, 
                    1536893720067061, 
                    1541709667314643, 
                    1548343252793000, 
                    1574228195618392, 
                    1576048116500460, 
                    1593640231188598, 
                    1603307483986948, 
                    1604203134554474, 
                    1605130797404799, 
                    1606795179576841, 
                    1615078762559431, 
                    1629720859076300, 
                    1630144024573500, 
                    1690985478786810, 
                    1704372760698267, 
                    1704985140085951, 
                    1712551485885362, 
                    1713170450939772, 
                    1713827062007729, 
                    1715686249647963, 
                    1726386043169741, 
                    1740641616678724, 
                    1759378505058569, 
                    1759506900909551, 
                    1761555117978910, 
                    1770455213004851, 
                    1787107108987378, 
                    1795981008020638, 
                    1808769234019018, 
                    1817349254408654, 
                    1822001567065313, 
                    1841840184730702
                ], 
                "molecule": "dna", 
                "num": 0, 
                "seed": 42
            }
        ], 
        "type": "mrnaseq", 
        "version": 0.4
    }
]