[
    {
        "class": "sourmash_signature", 
        "email": "", 
        "filename": "mircea.fa", 
        "hash_function": "0.murmur64", 
        "name": "Thermotoga_sp._RQ2", 
        "signatures": [
            {
                "ksize": 81, 
                "max_hash": 1844674407370955, 
                "md5sum": "d761debbc408df211e2cdeaae2e69354", 
                "mins": [
                    14288759032617, 
                    22709764136705, 
                    27932515822892, 
                    31103828426734, 
                    40730041885388, 
                    41332835881059, 
                    60800349385139, 
                    66220044393735, 
                    68094712822957, 
                    85868754521863, 
                    99877670267472, 
                    101301534984998, 
                    106313929693852, 
                    119501833423720, 
                    123342798508345, 
                    123819839941017, 
                    131622118097699, 
                    141653128102414, 
                    141726738522941, 
                    145447314005668, 
                    161833449198439, 
                    170809094754676, 
                    176513234327365, 
                    184982141924013, 
                    223279077153857, 
                    237225768578742, 
                    239332162420660, 
                    243708964130331, 
                    248256761578100, 
                    263727467999672, 
                    274764344676479, 
                    280750620551781, 
                    289794767689767, 
                    321158241505733, 
                    321335899552903, 
                    321888377268163, 
                    326637927914812, 
                    330053750512926, 
                    356299437266535, 
                    361346273513487, 
                    370055618507890, 
                    376843481509903, 
                    389514239707503, 
                    407225520726462, 
                    408934159840275, 
                    434940177703558, 
                    445337211431864, 
                    466930909710299, 
                    470700696183663, 
                    472607976310840, 
                    476989505551619, 
                    482541571379272, 
                    482966075004436, 
                    493157635834123, 
                    498122128523322, 
                    510562751136161, 
                    521959395719527, 
                    527018711987051, 
                    527402239281648, 
                    538002703056168, 
                    539276168562808, 
                    560005405321481, 
                    591768094250655, 
                    599938562341532, 
                    607467820632197, 
                    621615619341498, 
                    651950240960233, 
                    653123777063184, 
                    654274954964953, 
                    656679992966169, 
                    659787373921844, 
                    667299352773980, 
                    667508187601928, 
                    675341243512277, 
                    687877627376598, 
                    700404444799566, 
                    701000292865244, 
                    706677187681373, 
                    733504959076211, 
                    744324971958362, 
                    749676556690136, 
                    752811080202294, 
                    754460371640303, 
                    763133913206123, 
                    769166521402298, 
                    769705153012226, 
                    771811113857694, 
                    774106345343761, 
                    780426492591765, 
                    797380669226449, 
                    801317430559168, 
                    801476865180172, 
                    814267999247790, 
                    830525649441123, 
                    833801162942375, 
                    840364805091478, 
                    841780780880648, 
                    852877869198729, 
                    858056850017720, 
                    868003150752235, 
                    868693481626942, 
                    882851332108395, 
                    890071847117474, 
                    896198541205312, 
                    904610059579790, 
                    918908169568499, 
                    922844871404262, 
                    935034155310956, 
                    958506506973515, 
                    962641830998340, 
                    965606595587881, 
                    975150432319804, 
                    979161932086876, 
                    984048153857443, 
                    987316937786750, 
                    987770801339080, 
                    999318841828064, 
                    1004189403212899, 
                    1006104598503176, 
                    1012186564125242, 
                    1035187952552016, 
                    1035659414989121, 
                    1040560535201991, 
                    1058947595469159, 
                    1062894137102490, 
                    1063765859067241, 
                    1065168017499400, 
                    1068359169794455, 
                    1073886328644442, 
                    1116419900133638, 
                    1121802041856359, 
                    1141817409284217, 
                    1146285016325719, 
                    1154640128111249, 
                    1161310504319067, 
                    1166716317537791, 
                    1172891992274910, 
                    1179165342174237, 
                    1189871215807446, 
                    1190455922256954, 
                    1201391990388399, 
                    1203365879363264, 
                    1212066100800673, 
                    1213351718094388, 
                    1215874179153556, 
                    1222633428888965, 
                    1237896529317186, 
                    1242519727842246, 
                    1247765264225798, 
                    1266925137579261, 
                    1270185346520133, 
                    1290092787049747, 
                    1295475675145393, 
                    1297730770861445, 
                    1299977978656212, 
                    1300467626205199, 
                    1317778083792196, 
                    1335526380758469, 
                    1369116498233647, 
                    1372979306606662, 
                    1377307573236128, 
                    1392377002525257, 
                    1400204288597024, 
                    1405663089538934, 
                    1421336677310559, 
                    1447950015649191, 
                    1458150477099841, 
                    1468830897597220, 
                    1469882295158949, 
                    1496860952163568, 
                    1502215758274700, 
                    1510374305981762, 
                    1516714399882563, 
                    1521745988180623, 
                    1526652894821103, 
                    1541925616473113, 
                    1543749066117811, 
                    1545599515787462, 
                    1550896640011944, 
                    1556294482199978, 
                    1562612737212046, 
                    1602206365282128, 
                    1604145120773164, 
                    1607228730295444, 
                    1612508602118786, 
                    1633920393687653, 
                    1666032903281369, 
                    1669111953901381, 
                    1670571812911562, 
                    1675667193306865, 
                    1677367039882150, 
                    1680877206069035, 
                    1694877274776509, 
                    1703563471129544, 
                    1714437315766612, 
                    1722423084001255, 
                    1731385907787012, 
                    1743600467380588, 
                    1744444916012786, 
                    1745322483215579, 
                    1746040243793401, 
                    1806426930917265, 
                    1834478177115010, 
                    1834514822414404
                ], 
                "molecule": "dna", 
                "num": 0, 
                "seed": 42
            }
        ], 
        "type": "mrnaseq", 
        "version": 0.4
    }, 
    {
        "class": "sourmash_signature", 
        "email": "", 
        "filename": "mircea.fa", 
        "hash_function": "0.murmur64", 
        "name": "Thermotoga_petrophila_RKU-1", 
        "signatures": [
            {
                "ksize": 81, 
                "max_hash": 1844674407370955, 
                "md5sum": "f6e2a00567392fa9b281ab207e039cd3", 
                "mins": [
                    10126883620021, 
                    14747163369301, 
                    18790222987529, 
                    19432558236374, 
                    21473928493829, 
                    22709764136705, 
                    27932515822892, 
                    29836894862114, 
                    31103828426734, 
                    37643114594567, 
                    123342798508345, 
                    123819839941017, 
                    145332007559118, 
                    145447314005668, 
                    146834560760006, 
                    176513234327365, 
                    200481991589940, 
                    215117829523677, 
                    218189313886617, 
                    219035768495952, 
                    223279077153857, 
                    237225768578742, 
                    255564122238238, 
                    259048728645468, 
                    263727467999672, 
                    267421666517740, 
                    274764344676479, 
                    280750620551781, 
                    287697979371160, 
                    289794767689767, 
                    293074831215999, 
                    321335899552903, 
                    330053750512926, 
                    356299437266535, 
                    361346273513487, 
                    370055618507890, 
                    376843481509903, 
                    389344313169458, 
                    389514239707503, 
                    407225520726462, 
                    420934793669881, 
                    422861120960397, 
                    443565539809642, 
                    444651904179278, 
                    445337211431864, 
                    470700696183663, 
                    474832061965258, 
                    493157635834123, 
                    498122128523322, 
                    510562751136161, 
                    527018711987051, 
                    568911150294522, 
                    607467820632197, 
                    608065431322747, 
                    621615619341498, 
                    623142437169888, 
                    631628730238489, 
                    635196226185644, 
                    635207509470555, 
                    635251945883271, 
                    641023420402594, 
                    648986730330455, 
                    678416229335392, 
                    706677187681373, 
                    706964268770862, 
                    733504959076211, 
                    744324971958362, 
                    754460371640303, 
                    755349125827405, 
                    757362411804015, 
                    769705153012226, 
                    771811113857694, 
                    774106345343761, 
                    791181478035830, 
                    793986467487662, 
                    801476865180172, 
                    833801162942375, 
                    852877869198729, 
                    868003150752235, 
                    876420426497717, 
                    894427784098612, 
                    896198541205312, 
                    904610059579790, 
                    907939565724470, 
                    917822784872617, 
                    921703286165933, 
                    924430614362035, 
                    926190520859624, 
                    935034155310956, 
                    958506506973515, 
                    962641830998340, 
                    965606595587881, 
                    984048153857443, 
                    986382205850422, 
                    987316937786750, 
                    987685632177068, 
                    987770801339080, 
                    994435468397093, 
                    1012201493178611, 
                    1035187952552016, 
                    1035659414989121, 
                    1058947595469159, 
                    1062894137102490, 
                    1065168017499400, 
                    1073886328644442, 
                    1081818043906250, 
                    1103660701571689, 
                    1116419900133638, 
                    1121802041856359, 
                    1154640128111249, 
                    1154977217844126, 
                    1158146002750781, 
                    1161310504319067, 
                    1166716317537791, 
                    1172891992274910, 
                    1184538873710028, 
                    1186175709564331, 
                    1189871215807446, 
                    1222633428888965, 
                    1247765264225798, 
                    1264507853760758, 
                    1266925137579261, 
                    1267891846255121, 
                    1270185346520133, 
                    1285032089997721, 
                    1286873028535810, 
                    1290092787049747, 
                    1305001910474659, 
                    1307945461909114, 
                    1317778083792196, 
                    1323197341970575, 
                    1331992195042111, 
                    1341492845669126, 
                    1355618150757052, 
                    1385015607383776, 
                    1400204288597024, 
                    1403009887661795, 
                    1405663089538934, 
                    1435697180844688, 
                    1437042608930757, 
                    1448151801881870, 
                    1468830897597220, 
                    1471535910065452, 
                    1482211829067145, 
                    1496860952163568, 
                    1528184534546523, 
                    1550896640011944, 
                    1562612737212046, 
                    1580051289969606, 
                    1584030924537425, 
                    1586564880545682, 
                    1598395377519843, 
                    1604145120773164, 
                    1612508602118786, 
                    1620665592755642, 
                    1659305420548709, 
                    1660115392657529, 
                    1669111953901381, 
                    1669629297085474, 
                    1680877206069035, 
                    1681219526383047, 
                    1686270768602396, 
                    1698422747886275, 
                    1703563471129544, 
                    1726789863737667, 
                    1733165490204345, 
                    1742554697329603, 
                    1744444916012786, 
                    1745322483215579, 
                    1746040243793401, 
                    1770588863082622, 
                    1779060105552071, 
                    1806426930917265, 
                    1834478177115010
                ], 
                "molecule": "dna", 
                "num": 0, 
                "seed": 42
            }
        ], 
        "type": "mrnaseq", 
        "version": 0.4
    }
]